  0.145906779661E+02  0.146000000000E+02  0.145813559322E+02  0.842900232267E+11  0.905635136396E+07  0.842809668753E+11  0.905585880847E+07  0.492537402364E+03  0.180824275941E-01
  0.145720338983E+02  0.145813559322E+02  0.145627118644E+02  0.118238111417E+12  0.307910161941E+08  0.118207320401E+12  0.307883556394E+08  0.266042078284E+04  0.133944588556E+00
  0.145533898305E+02  0.145627118644E+02  0.145440677966E+02  0.164402045063E+12  0.611129515690E+08  0.164340932111E+12  0.611052877499E+08  0.766330535046E+04  0.513717786410E+00
  0.145347457627E+02  0.145440677966E+02  0.145254237288E+02  0.226577630694E+12  0.103084930140E+09  0.226474545764E+12  0.103068318605E+09  0.166101272416E+05  0.140779448342E+01
  0.145161016949E+02  0.145254237288E+02  0.145067796610E+02  0.309507552653E+12  0.160710459159E+09  0.309346842193E+12  0.160679449929E+09  0.310060652049E+05  0.316456969081E+01
  0.144974576271E+02  0.145067796610E+02  0.144881355932E+02  0.419086591472E+12  0.239172990872E+09  0.418847418482E+12  0.239120112352E+09  0.528722544843E+05  0.626561987585E+01
  0.144788135593E+02  0.144881355932E+02  0.144694915254E+02  0.562372898410E+12  0.345104834120E+09  0.562027793576E+12  0.345019926344E+09  0.848964045594E+05  0.113715652980E+02
  0.144601694915E+02  0.144694915254E+02  0.144508474576E+02  0.747818489488E+12  0.486879230533E+09  0.747331610258E+12  0.486748594386E+09  0.130616766213E+06  0.193807311118E+02
  0.144415254237E+02  0.144508474576E+02  0.144322033898E+02  0.985304549141E+12  0.674934790583E+09  0.984629614350E+12  0.674740116814E+09  0.194642264809E+06  0.315039020021E+02
  0.144228813559E+02  0.144322033898E+02  0.144135593220E+02  0.128615799909E+13  0.922118802939E+09  0.128523588028E+13  0.921835836301E+09  0.282917279310E+06  0.493590306713E+02
  0.144042372881E+02  0.144135593220E+02  0.143949152542E+02  0.166302937689E+13  0.124402164826E+10  0.166178535524E+13  0.124361854527E+10  0.403027905348E+06  0.750893265344E+02
  0.143855932203E+02  0.143949152542E+02  0.143762711864E+02  0.212893025258E+13  0.165919395035E+10  0.212727105863E+13  0.165862929415E+10  0.564544691395E+06  0.111508314516E+03
  0.143669491525E+02  0.143762711864E+02  0.143576271186E+02  0.269901635533E+13  0.218946224205E+10  0.269682689309E+13  0.218868267459E+10  0.779405180132E+06  0.162275716370E+03
  0.143483050847E+02  0.143576271186E+02  0.143389830508E+02  0.338789393910E+13  0.286014996483E+10  0.338503378914E+13  0.285908739861E+10  0.106233411429E+07  0.232108181433E+03
  0.143296610169E+02  0.143389830508E+02  0.143203389831E+02  0.420961296542E+13  0.369999626506E+10  0.420591296915E+13  0.369856466559E+10  0.143127243951E+07  0.327026960507E+03
  0.143110169492E+02  0.143203389831E+02  0.143016949153E+02  0.517655733243E+13  0.474094370442E+10  0.517181638873E+13  0.473903544775E+10  0.190780202488E+07  0.454643441694E+03
  0.142923728814E+02  0.143016949153E+02  0.142830508475E+02  0.629808782319E+13  0.601764490725E+10  0.629207017829E+13  0.601512673967E+10  0.251754309112E+07  0.624483097681E+03
  0.142737288136E+02  0.142830508475E+02  0.142644067797E+02  0.757896246521E+13  0.756662166240E+10  0.757139584354E+13  0.756333033515E+10  0.329047890428E+07  0.848345108697E+03
  0.142550847458E+02  0.142644067797E+02  0.142457627119E+02  0.901776496240E+13  0.942504414129E+10  0.900833991826E+13  0.942078183348E+10  0.426116712032E+07  0.114069108572E+04
  0.142364406780E+02  0.142457627119E+02  0.142271186441E+02  0.106044180291E+14  0.116290133791E+11  0.105927890157E+14  0.116235430798E+11  0.546878020417E+07  0.151905227867E+04
  0.142177966102E+02  0.142271186441E+02  0.142084745763E+02  0.123188892659E+14  0.142113661895E+11  0.123046778997E+14  0.142044072776E+11  0.695690745969E+07  0.200443863528E+04
  0.141991525424E+02  0.142084745763E+02  0.141898305085E+02  0.141296838349E+14  0.171991050198E+11  0.141124847299E+14  0.171903293338E+11  0.877306430407E+07  0.262172742025E+04
  0.141805084746E+02  0.141898305085E+02  0.141711864407E+02  0.159929264165E+14  0.206104916141E+11  0.159723159249E+14  0.205995203581E+11  0.109678559781E+08  0.340000403253E+04
  0.141618644068E+02  0.141711864407E+02  0.141525423729E+02  0.178525485868E+14  0.244519375722E+11  0.178280966492E+14  0.244383394938E+11  0.135937056759E+08  0.437280446964E+04
  0.141432203390E+02  0.141525423729E+02  0.141338983051E+02  0.196430307613E+14  0.287150658920E+11  0.196143156954E+14  0.286983572428E+11  0.167030710443E+08  0.557818769359E+04
  0.141245762712E+02  0.141338983051E+02  0.141152542373E+02  0.212899452489E+14  0.333747365010E+11  0.212565705124E+14  0.333543827147E+11  0.203467275726E+08  0.705880914209E+04
  0.141059322034E+02  0.141152542373E+02  0.140966101695E+02  0.227152676888E+14  0.383872939368E+11  0.226768803949E+14  0.383627135970E+11  0.245714780559E+08  0.886171324085E+04
  0.140872881356E+02  0.140966101695E+02  0.140779661017E+02  0.238438353307E+14  0.436902452885E+11  0.238001450854E+14  0.436608165781E+11  0.294176725533E+08  0.110379062916E+05
  0.140686440678E+02  0.140779661017E+02  0.140593220339E+02  0.246102947571E+14  0.492037020315E+11  0.245610910551E+14  0.491687715662E+11  0.349168234952E+08  0.136417233395E+05
  0.140547110169E+02  0.140593220339E+02  0.140501000000E+02  0.249340160135E+14  0.534005321095E+11  0.248806154814E+14  0.533611169128E+11  0.393993475423E+08  0.158491664705E+05
  0.140500000000E+02  0.140501000000E+02  0.140499000000E+02  0.250192791871E+14  0.548304440706E+11  0.249644487430E+14  0.547894256965E+11  0.410017148354E+08  0.166592269527E+05
  0.140452889830E+02  0.140499000000E+02  0.140406779661E+02  0.249974725532E+14  0.562625134560E+11  0.249412100398E+14  0.562198051777E+11  0.426907406642E+08  0.175376469645E+05
  0.140313559322E+02  0.140406779661E+02  0.140220338983E+02  0.248869606211E+14  0.604765997349E+11  0.248264840213E+14  0.604286357567E+11  0.479436209401E+08  0.203572748811E+05
  0.140127118644E+02  0.140220338983E+02  0.140033898305E+02  0.243731550266E+14  0.660263730022E+11  0.243071286536E+14  0.659708747131E+11  0.554736997429E+08  0.245894000106E+05
  0.139940677966E+02  0.140033898305E+02  0.139847457627E+02  0.234537905311E+14  0.713802918872E+11  0.233824102392E+14  0.713166014866E+11  0.636609201942E+08  0.294803762342E+05
  0.139754237288E+02  0.139847457627E+02  0.139661016949E+02  0.221814960035E+14  0.764462358605E+11  0.221050497677E+14  0.763737263622E+11  0.724744121585E+08  0.350861273444E+05
  0.139567796610E+02  0.139661016949E+02  0.139474576271E+02  0.206262275026E+14  0.811472372080E+11  0.205450802654E+14  0.810653235462E+11  0.818722023914E+08  0.414593877196E+05
  0.139381355932E+02  0.139474576271E+02  0.139288135593E+02  0.188679027377E+14  0.854249245552E+11  0.187824778131E+14  0.853330724762E+11  0.918034302793E+08  0.486487676483E+05
  0.139194915254E+02  0.139288135593E+02  0.139101694915E+02  0.169886589304E+14  0.892411747788E+11  0.168994177556E+14  0.891389069814E+11  0.102211099206E+09  0.566981774605E+05
  0.139008474576E+02  0.139101694915E+02  0.138915254237E+02  0.150655168639E+14  0.925777149202E+11  0.149729391489E+14  0.924646145213E+11  0.113034752391E+09  0.656464374108E+05
  0.138822033898E+02  0.138915254237E+02  0.138728813559E+02  0.131661100949E+14  0.954342232882E+11  0.130706758716E+14  0.953099348534E+11  0.124212907753E+09  0.755270574080E+05
  0.138635593220E+02  0.138728813559E+02  0.138542372881E+02  0.113467259139E+14  0.978256610497E+11  0.112489002529E+14  0.976898894634E+11  0.135685218018E+09  0.863682564954E+05
  0.138449152542E+02  0.138542372881E+02  0.138355932203E+02  0.964948979565E+13  0.997790128974E+11  0.954971078275E+13  0.996315204785E+11  0.147394225738E+09  0.981931516959E+05
  0.138262711864E+02  0.138355932203E+02  0.138169491525E+02  0.810274109546E+13  0.101329751196E+12  0.800141134426E+13  0.101170353533E+12  0.159286643212E+09  0.111020070611E+06
  0.138076271186E+02  0.138169491525E+02  0.137983050847E+02  0.672232073815E+13  0.102518532330E+12  0.661980220582E+13  0.102347093274E+12  0.171314192154E+09  0.124862996408E+06
  0.137889830508E+02  0.137983050847E+02  0.137796610169E+02  0.551351956735E+13  0.103388339194E+12  0.541013122816E+13  0.103204765372E+12  0.183434090196E+09  0.139732020391E+06
  0.137703389830E+02  0.137796610169E+02  0.137610169492E+02  0.447342856655E+13  0.103982173818E+12  0.436944639273E+13  0.103786409103E+12  0.195609081258E+09  0.155633763527E+06
  0.137516949153E+02  0.137610169492E+02  0.137423728814E+02  0.359290649271E+13  0.104341287068E+12  0.348856520564E+13  0.104133307179E+12  0.207807317037E+09  0.172571921775E+06
  0.137330508475E+02  0.137423728814E+02  0.137237288136E+02  0.285855484981E+13  0.104503929758E+12  0.275405092005E+13  0.104283737171E+12  0.220002039353E+09  0.190547704027E+06
  0.137144067797E+02  0.137237288136E+02  0.137050847458E+02  0.225480745996E+13  0.104504599390E+12  0.215030286057E+13  0.104272218722E+12  0.232171107670E+09  0.209560257011E+06
  0.137025423729E+02  0.137050847458E+02  0.137000000000E+02  0.192629030478E+13  0.104447982800E+12  0.182184232198E+13  0.104207864661E+12  0.239896066966E+09  0.222072471453E+06
  0.136932203390E+02  0.137000000000E+02  0.136864406780E+02  0.170473002722E+13  0.104353122329E+12  0.160037690489E+13  0.104106942006E+12  0.245947966012E+09  0.232357176794E+06
  0.136771186441E+02  0.136864406780E+02  0.136677966102E+02  0.137308162261E+13  0.104137398109E+12  0.126894422450E+13  0.103880782984E+12  0.256364440076E+09  0.250684719309E+06
  0.136584745763E+02  0.136677966102E+02  0.136491525424E+02  0.106280973755E+13  0.103817973711E+12  0.958991763837E+12  0.103549338743E+12  0.268362180916E+09  0.272787338313E+06
  0.136398305085E+02  0.136491525424E+02  0.136305084746E+02  0.820711083538E+12  0.103433871909E+12  0.717277211629E+12  0.103153294527E+12  0.280281472191E+09  0.295909518064E+06
  0.136211864407E+02  0.136305084746E+02  0.136118644068E+02  0.634051962298E+12  0.103000313158E+12  0.531051649140E+12  0.102707877608E+12  0.292115505436E+09  0.320044769290E+06
  0.136025423729E+02  0.136118644068E+02  0.135932203390E+02  0.491725994858E+12  0.102529555479E+12  0.389196439379E+12  0.102225351133E+12  0.303859159106E+09  0.345186099422E+06
  0.135838983051E+02  0.135932203390E+02  0.135745762712E+02  0.384400613578E+12  0.102031350529E+12  0.282369263050E+12  0.101715470592E+12  0.315508610842E+09  0.371326137221E+06
  0.135652542373E+02  0.135745762712E+02  0.135559322034E+02  0.304333569596E+12  0.101513304892E+12  0.202820264704E+12  0.101185845314E+12  0.327061120253E+09  0.398457275927E+06
  0.135466101695E+02  0.135559322034E+02  0.135372881356E+02  0.245214969012E+12  0.100981337791E+12  0.144233631221E+12  0.100642396422E+12  0.338514797168E+09  0.426571645146E+06
  0.135279661017E+02  0.135372881356E+02  0.135186440678E+02  0.201996998083E+12  0.100439942203E+12  0.101557055880E+12  0.100089618222E+12  0.349868319750E+09  0.455661158509E+06
  0.135093220339E+02  0.135186440678E+02  0.135000000000E+02  0.170702263168E+12  0.998925073415E+11  0.708097558268E+11  0.995309007306E+11  0.361120893291E+09  0.485717641187E+06
  0.134881355932E+02  0.135000000000E+02  0.134762711864E+02  0.145868017635E+12  0.992658586496E+11  0.466021589857E+11  0.988915581642E+11  0.373779368910E+09  0.521116493601E+06
  0.133644067797E+02  0.134762711864E+02  0.132525423729E+02  0.102892635987E+12  0.956189877450E+11  0.727364824243E+10  0.951742642963E+11  0.443954936078E+09  0.768512699787E+06
  0.131406779661E+02  0.132525423729E+02  0.130288135593E+02  0.893145918496E+11  0.892871029872E+11  0.274888623921E+08  0.887233025858E+11  0.562518155467E+09  0.128224596555E+07
  0.129169491525E+02  0.130288135593E+02  0.128050847458E+02  0.833253371089E+11  0.833253234786E+11  0.136303545772E+05  0.826552658830E+11  0.668143487438E+09  0.191410815589E+07
  0.126932203390E+02  0.128050847458E+02  0.125813559322E+02  0.777237548329E+11  0.777237548329E+11  0.000000000000E+00  0.769592221666E+11  0.761878843041E+09  0.265382333316E+07
  0.124694915254E+02  0.125813559322E+02  0.123576271186E+02  0.724613922964E+11  0.724613922964E+11  0.000000000000E+00  0.716133596866E+11  0.844541255446E+09  0.349135438577E+07
  0.122457627119E+02  0.123576271186E+02  0.121338983051E+02  0.675089195625E+11  0.675089195625E+11  0.000000000000E+00  0.665874372495E+11  0.917064170184E+09  0.441814273496E+07
  0.120220338983E+02  0.121338983051E+02  0.119101694915E+02  0.628626052689E+11  0.628626052689E+11  0.000000000000E+00  0.618769262973E+11  0.980250782408E+09  0.542818913288E+07
  0.117983050847E+02  0.119101694915E+02  0.116864406780E+02  0.585233846097E+11  0.585233846097E+11  0.000000000000E+00  0.574817117243E+11  0.103515383782E+10  0.651904757574E+07
  0.115745762712E+02  0.116864406780E+02  0.114627118644E+02  0.545673157790E+11  0.545673157790E+11  0.000000000000E+00  0.534769558779E+11  0.108267376245E+10  0.768613865546E+07
  0.113508474576E+02  0.114627118644E+02  0.112389830508E+02  0.508973731903E+11  0.508973731903E+11  0.000000000000E+00  0.497649821348E+11  0.112346780841E+10  0.892324704724E+07
  0.111271186441E+02  0.112389830508E+02  0.110152542373E+02  0.474242962482E+11  0.474242962482E+11  0.000000000000E+00  0.462565474454E+11  0.115752607243E+10  0.102227303601E+08
  0.109033898305E+02  0.110152542373E+02  0.107915254237E+02  0.441035750090E+11  0.441035750090E+11  0.000000000000E+00  0.429068227129E+11  0.118517453131E+10  0.115777648021E+08
  0.106796610169E+02  0.107915254237E+02  0.105677966102E+02  0.409886964166E+11  0.409886964166E+11  0.000000000000E+00  0.397685967076E+11  0.120711451037E+10  0.129851985860E+08
  0.104559322034E+02  0.105677966102E+02  0.103440677966E+02  0.380763241944E+11  0.380763241944E+11  0.595415780485E-04  0.368389643668E+11  0.122292103626E+10  0.144387914234E+08
  0.102322033898E+02  0.103440677966E+02  0.101203389831E+02  0.353074254048E+11  0.353074254039E+11  0.904672408540E+00  0.340580532731E+11  0.123344013302E+10  0.159319977518E+08
  0.100084745763E+02  0.101203389831E+02  0.989661016949E+01  0.327314271303E+11  0.327314251825E+11  0.194781386779E+04  0.314747644326E+11  0.123920026383E+10  0.174604860586E+08
  0.978474576271E+01  0.989661016949E+01  0.967288135593E+01  0.303267483087E+11  0.303261275643E+11  0.620744437116E+06  0.290675318423E+11  0.123957930474E+10  0.190164172616E+08
  0.956101694915E+01  0.967288135593E+01  0.944915254237E+01  0.280990379983E+11  0.280698269944E+11  0.292110038079E+08  0.268137335039E+11  0.123550052875E+10  0.205929617464E+08
  0.933728813559E+01  0.944915254237E+01  0.922542372881E+01  0.262364533746E+11  0.259871348346E+11  0.249318540068E+09  0.247372582787E+11  0.122768841261E+10  0.221881432209E+08
  0.911355932203E+01  0.922542372881E+01  0.900169491525E+01  0.250027217283E+11  0.240591824990E+11  0.943539229230E+09  0.228191524068E+11  0.121623470944E+10  0.237953827789E+08
  0.888983050847E+01  0.900169491525E+01  0.877796610169E+01  0.247973850210E+11  0.223004825301E+11  0.249690249088E+10  0.210739288203E+11  0.120114969788E+10  0.254040119616E+08
  0.866610169491E+01  0.877796610169E+01  0.855423728814E+01  0.242645004927E+11  0.206942939324E+11  0.357020656025E+10  0.194844251761E+11  0.118286767759E+10  0.270010786972E+08
  0.844237288136E+01  0.855423728814E+01  0.833050847458E+01  0.224408621380E+11  0.192416299203E+11  0.319923221771E+10  0.180506366607E+11  0.116241505938E+10  0.285782002123E+08
  0.821864406780E+01  0.833050847458E+01  0.810677966102E+01  0.207235089393E+11  0.179585011721E+11  0.276500776722E+10  0.167889709819E+11  0.113940586685E+10  0.301243233745E+08
  0.799491525424E+01  0.810677966102E+01  0.788305084746E+01  0.194494405149E+11  0.168064023172E+11  0.264303819761E+10  0.156603642691E+11  0.111441039598E+10  0.316276521195E+08
  0.777118644068E+01  0.788305084746E+01  0.765932203390E+01  0.185057910516E+11  0.158107316436E+11  0.269505940803E+10  0.146887163758E+11  0.108893172917E+10  0.330835386207E+08
  0.754745762712E+01  0.765932203390E+01  0.743559322034E+01  0.178201546271E+11  0.149939918903E+11  0.282616273673E+10  0.138963085417E+11  0.106319268717E+10  0.344906614546E+08
  0.732372881356E+01  0.743559322034E+01  0.721186440678E+01  0.173494394056E+11  0.143626316049E+11  0.298680780069E+10  0.132889698795E+11  0.103782051672E+10  0.358412086579E+08
  0.710000000000E+01  0.721186440678E+01  0.698813559322E+01  0.170866657819E+11  0.139375956719E+11  0.314907011001E+10  0.128857419626E+11  0.101471900361E+10  0.371347056134E+08
  0.687627118644E+01  0.698813559322E+01  0.676440677966E+01  0.170254678286E+11  0.137281121832E+11  0.329735564540E+10  0.126944745496E+11  0.995255955560E+09  0.383816780264E+08
  0.665254237288E+01  0.676440677966E+01  0.654067796610E+01  0.171514685973E+11  0.137270992744E+11  0.342436932296E+10  0.127072743089E+11  0.980226975149E+09  0.395979902887E+08
  0.642881355932E+01  0.654067796610E+01  0.631694915254E+01  0.174283386737E+11  0.139000060356E+11  0.352833263808E+10  0.128871261822E+11  0.972068394262E+09  0.408114592217E+08
  0.620508474576E+01  0.631694915254E+01  0.609322033898E+01  0.178943654581E+11  0.142835289507E+11  0.361083650740E+10  0.132685904188E+11  0.972863414683E+09  0.420751171653E+08
  0.598135593220E+01  0.609322033898E+01  0.586949152542E+01  0.185279064073E+11  0.148525583553E+11  0.367534805204E+10  0.138250577504E+11  0.984041991558E+09  0.434586133262E+08
  0.575762711864E+01  0.586949152542E+01  0.564576271186E+01  0.193192734411E+11  0.155937299226E+11  0.372554351846E+10  0.145399381921E+11  0.100873431332E+10  0.450574172174E+08
  0.553389830508E+01  0.564576271186E+01  0.542203389831E+01  0.202954074397E+11  0.165301325634E+11  0.376527487632E+10  0.154342296291E+11  0.104893231216E+10  0.469706221514E+08
  0.531016949153E+01  0.542203389831E+01  0.519830508475E+01  0.214403994978E+11  0.176427220074E+11  0.379767749036E+10  0.164877113953E+11  0.110573259499E+10  0.492780171726E+08
  0.508644067797E+01  0.519830508475E+01  0.497457627119E+01  0.227700945236E+11  0.189442956390E+11  0.382579888464E+10  0.177054105904E+11  0.118649584117E+10  0.523892074280E+08
  0.486271186441E+01  0.497457627119E+01  0.475084745763E+01  0.243262743092E+11  0.204750037720E+11  0.385127053715E+10  0.191234432483E+11  0.129495597157E+10  0.566045521251E+08
  0.463898305085E+01  0.475084745763E+01  0.452711864407E+01  0.261118773197E+11  0.222370866280E+11  0.387479069169E+10  0.207398419122E+11  0.143500034686E+10  0.622443689097E+08
  0.441525423729E+01  0.452711864407E+01  0.430338983051E+01  0.282029141718E+11  0.243078595179E+11  0.389505465387E+10  0.226271833720E+11  0.161099268828E+10  0.696834576282E+08
  0.419152542373E+01  0.430338983051E+01  0.407966101695E+01  0.306477852912E+11  0.267399860469E+11  0.390779924426E+10  0.248331931561E+11  0.182743609157E+10  0.793567992682E+08
  0.396779661017E+01  0.407966101695E+01  0.385593220339E+01  0.334948411513E+11  0.295886534174E+11  0.390618773396E+10  0.274076877556E+11  0.208921635226E+10  0.917493094872E+08
  0.380296610170E+01  0.385593220339E+01  0.375000000000E+01  0.358708558048E+11  0.319783669675E+11  0.389248883734E+10  0.295693840056E+11  0.230656791511E+10  0.102415046790E+09
  0.374137931034E+01  0.375000000000E+01  0.373275862069E+01  0.368282234238E+11  0.329443858245E+11  0.388383759933E+10  0.304419635760E+11  0.239551615387E+10  0.106906094637E+09
  0.372413793104E+01  0.373275862069E+01  0.371551724138E+01  0.371049398140E+11  0.332240522348E+11  0.388088757925E+10  0.306940587620E+11  0.242174241961E+10  0.108251053181E+09
  0.370689655173E+01  0.371551724138E+01  0.369827586207E+01  0.373855035527E+11  0.335077268372E+11  0.387777671554E+10  0.309498142778E+11  0.244829388458E+10  0.109618674801E+09
  0.368965517241E+01  0.369827586207E+01  0.368103448276E+01  0.376707812273E+11  0.337962407829E+11  0.387454044433E+10  0.312099731026E+11  0.247525374952E+10  0.111013930789E+09
  0.367241379311E+01  0.368103448276E+01  0.366379310345E+01  0.379607922944E+11  0.340896118627E+11  0.387118043165E+10  0.314747608621E+11  0.250242777457E+10  0.112423226067E+09
  0.365517241380E+01  0.366379310345E+01  0.364655172414E+01  0.382552742260E+11  0.343875867752E+11  0.386768745084E+10  0.317436737124E+11  0.253004660250E+10  0.113866460268E+09
  0.363937755698E+01  0.364655172414E+01  0.363220338983E+01  0.385195229019E+11  0.346551466954E+11  0.386437620649E+10  0.319845100240E+11  0.255544269711E+10  0.115193974317E+09
  0.363075686733E+01  0.363220338983E+01  0.362931034483E+01  0.386571540191E+11  0.347946245935E+11  0.386252942559E+10  0.321092960030E+11  0.256940056447E+10  0.115928026061E+09
  0.362068965518E+01  0.362931034483E+01  0.361206896552E+01  0.388016492632E+11  0.349413306624E+11  0.386031860077E+10  0.322385368398E+11  0.258598393109E+10  0.116809891483E+09
  0.360344827586E+01  0.361206896552E+01  0.359482758621E+01  0.389803192886E+11  0.351238726387E+11  0.385644664988E+10  0.323914354408E+11  0.261412645488E+10  0.118310743050E+09
  0.358620689655E+01  0.359482758621E+01  0.357758620690E+01  0.389618449066E+11  0.351093643369E+11  0.385248056977E+10  0.323473867526E+11  0.264213392179E+10  0.119843662456E+09
  0.356896551725E+01  0.357758620690E+01  0.356034482759E+01  0.385318458717E+11  0.346834447899E+11  0.384840108181E+10  0.318929579398E+11  0.266909152799E+10  0.121395322180E+09
  0.355172413793E+01  0.356034482759E+01  0.354310344828E+01  0.373928057578E+11  0.335486057723E+11  0.384419998548E+10  0.307321190638E+11  0.269352591627E+10  0.122960792213E+09
  0.353448275862E+01  0.354310344828E+01  0.352586206897E+01  0.352925230133E+11  0.314526428174E+11  0.383988019593E+10  0.286146108537E+11  0.271348170195E+10  0.124550261667E+09
  0.351923103449E+01  0.352586206897E+01  0.351260000000E+01  0.326732122193E+11  0.288372487334E+11  0.383596348590E+10  0.259857233531E+11  0.272557654141E+10  0.125948838907E+09
  0.351250000000E+01  0.351260000000E+01  0.351240000000E+01  0.313672520237E+11  0.275330320659E+11  0.383421995782E+10  0.246771092352E+11  0.272935153779E+10  0.126571292890E+09
  0.351051034483E+01  0.351240000000E+01  0.350862068966E+01  0.309720064823E+11  0.271383149040E+11  0.383369157825E+10  0.242815790543E+11  0.272997901596E+10  0.126756833792E+09
  0.350000000000E+01  0.350862068966E+01  0.349137931034E+01  0.289036115376E+11  0.250727118969E+11  0.383089964070E+10  0.222144992091E+11  0.273049011478E+10  0.127722572942E+09
  0.348275862068E+01  0.349137931034E+01  0.347413793103E+01  0.259288391557E+11  0.221025905558E+11  0.382624859997E+10  0.192472465064E+11  0.272606411229E+10  0.129279937061E+09
  0.346551724138E+01  0.347413793103E+01  0.345689655172E+01  0.238473427583E+11  0.200258460982E+11  0.382149666012E+10  0.171798825729E+11  0.271514424659E+10  0.130819278694E+09
  0.344827586207E+01  0.345689655172E+01  0.343965517241E+01  0.226664291498E+11  0.188497793727E+11  0.381664977719E+10  0.160174741815E+11  0.269999362727E+10  0.132311563869E+09
  0.343103448275E+01  0.343965517241E+01  0.342241379310E+01  0.221134612280E+11  0.183017489774E+11  0.381171225063E+10  0.154850668867E+11  0.268291081798E+10  0.133771272718E+09
  0.341544418469E+01  0.342241379310E+01  0.340847457627E+01  0.219141550926E+11  0.181069788696E+11  0.380717622292E+10  0.153051567417E+11  0.266677374881E+10  0.135048379096E+09
  0.340682349503E+01  0.340847457627E+01  0.340517241379E+01  0.218688033257E+11  0.180641678081E+11  0.380463551761E+10  0.152706073435E+11  0.265781735129E+10  0.135743113309E+09
  0.339655172414E+01  0.340517241379E+01  0.338793103448E+01  0.218536647853E+11  0.180520704846E+11  0.380159430067E+10  0.152682384772E+11  0.264727482668E+10  0.136557180790E+09
  0.337931034482E+01  0.338793103448E+01  0.337068965517E+01  0.218622790117E+11  0.180658331958E+11  0.379644581588E+10  0.152982796313E+11  0.262967162873E+10  0.137881935789E+09
  0.336206896552E+01  0.337068965517E+01  0.335344827586E+01  0.218933002577E+11  0.181020703633E+11  0.379122989446E+10  0.153500111616E+11  0.261288456319E+10  0.139174638452E+09
  0.334482758620E+01  0.335344827586E+01  0.333620689655E+01  0.219305063175E+11  0.181445553977E+11  0.378595091982E+10  0.154084865786E+11  0.259565304428E+10  0.140415774829E+09
  0.332758620689E+01  0.333620689655E+01  0.331896551724E+01  0.219715419884E+11  0.181909365724E+11  0.378060541604E+10  0.154693570997E+11  0.257994913606E+10  0.141630336627E+09
  0.331034482759E+01  0.331896551724E+01  0.330172413793E+01  0.220136720365E+11  0.182384681215E+11  0.377520391498E+10  0.155325880792E+11  0.256308285157E+10  0.142797190774E+09
  0.329310344827E+01  0.330172413793E+01  0.328448275862E+01  0.220613447674E+11  0.182915646302E+11  0.376978013722E+10  0.155992815086E+11  0.254835154499E+10  0.143931576664E+09
  0.327586206896E+01  0.328448275862E+01  0.326724137931E+01  0.221101996724E+11  0.183458484937E+11  0.376435117871E+10  0.156682898413E+11  0.253253328315E+10  0.145025369190E+09
  0.325862068966E+01  0.326724137931E+01  0.325000000000E+01  0.221620954075E+11  0.184032257563E+11  0.375886965120E+10  0.157390714262E+11  0.251807304850E+10  0.146081281598E+09
  0.321737288135E+01  0.325000000000E+01  0.318474576271E+01  0.222929457933E+11  0.185473135024E+11  0.374563229092E+10  0.159155286190E+11  0.248350836713E+10  0.148276516323E+09
  0.307288135593E+01  0.318474576271E+01  0.296101694915E+01  0.228617262080E+11  0.191616193564E+11  0.370010685166E+10  0.166240425813E+11  0.238334435132E+10  0.154232423792E+09
  0.284915254237E+01  0.296101694915E+01  0.273728813559E+01  0.241304636191E+11  0.204588125989E+11  0.367165102024E+10  0.180102624402E+11  0.228707257560E+10  0.161477583158E+09
  0.271864406780E+01  0.273728813559E+01  0.270000000000E+01  0.257586343053E+11  0.214244012681E+11  0.433423303713E+10  0.189948769840E+11  0.226456037512E+10  0.164963908984E+09
  0.269193548387E+01  0.270000000000E+01  0.268387096774E+01  0.270571245723E+11  0.216562847789E+11  0.540083979336E+10  0.192245807342E+11  0.226604938513E+10  0.165654659589E+09
  0.267580645161E+01  0.268387096774E+01  0.266774193548E+01  0.285249765512E+11  0.218058015634E+11  0.671917498776E+10  0.193717503732E+11  0.226796219593E+10  0.166088994307E+09
  0.265967741935E+01  0.266774193548E+01  0.265161290323E+01  0.308104884028E+11  0.219614872850E+11  0.884900111790E+10  0.195248685770E+11  0.227010058307E+10  0.166518124852E+09
  0.264354838710E+01  0.265161290323E+01  0.263548387097E+01  0.343234391453E+11  0.221250071007E+11  0.121984320446E+11  0.196848507653E+11  0.227319205896E+10  0.166964276433E+09
  0.262741935484E+01  0.263548387097E+01  0.261935483871E+01  0.396025444217E+11  0.222977486594E+11  0.173047957622E+11  0.198539758142E+11  0.227636000255E+10  0.167412842668E+09
  0.261129032258E+01  0.261935483871E+01  0.260322580645E+01  0.472420869548E+11  0.224842702591E+11  0.247578166957E+11  0.200353568843E+11  0.228103437520E+10  0.167878999666E+09
  0.259112903226E+01  0.260322580645E+01  0.257903225806E+01  0.614670436963E+11  0.227439772909E+11  0.387230664054E+11  0.202888200858E+11  0.228668011420E+10  0.168477090883E+09
  0.257096774194E+01  0.257903225806E+01  0.256290322581E+01  0.812933667746E+11  0.230331549911E+11  0.582602117835E+11  0.205706231671E+11  0.229344993114E+10  0.169081892883E+09
  0.255483870968E+01  0.256290322581E+01  0.254677419355E+01  0.102116697640E+12  0.233007341445E+11  0.788159634952E+11  0.208306688792E+11  0.230044678121E+10  0.169618484167E+09
  0.253870967742E+01  0.254677419355E+01  0.253064516129E+01  0.126702740564E+12  0.236010781128E+11  0.103101662451E+12  0.211242795258E+11  0.230667111583E+10  0.170127471219E+09
  0.252258064516E+01  0.253064516129E+01  0.251451612903E+01  0.153753803999E+12  0.239405108729E+11  0.129813293126E+12  0.214547574071E+11  0.231506632133E+10  0.170687144482E+09
  0.251048387096E+01  0.251451612903E+01  0.250645161290E+01  0.174186313503E+12  0.242164869320E+11  0.149969826571E+12  0.217244023466E+11  0.232098273816E+10  0.171101847234E+09
  0.249838709677E+01  0.250645161290E+01  0.249032258065E+01  0.192964095143E+12  0.245242025313E+11  0.168439892612E+12  0.220239879951E+11  0.232866360784E+10  0.171550928374E+09
  0.248225806452E+01  0.249032258065E+01  0.247419354839E+01  0.212727357914E+12  0.249603633153E+11  0.187766994599E+12  0.224501325551E+11  0.233809187888E+10  0.172138881333E+09
  0.246964677420E+01  0.247419354839E+01  0.246510000000E+01  0.221897729378E+12  0.253203774315E+11  0.196577351946E+12  0.228007986431E+11  0.234694033257E+10  0.172638455768E+09
  0.246500000000E+01  0.246510000000E+01  0.246490000000E+01  0.223943186438E+12  0.254550254161E+11  0.198488161022E+12  0.229329118027E+11  0.234932683933E+10  0.172786774059E+09
  0.245745000000E+01  0.246490000000E+01  0.245000000000E+01  0.223440590379E+12  0.256774704310E+11  0.197763119948E+12  0.231485552780E+11  0.235579209912E+10  0.173123053950E+09
  0.244193548387E+01  0.245000000000E+01  0.243387096774E+01  0.215375788121E+12  0.261267784481E+11  0.189249009672E+12  0.235850622296E+11  0.236794718479E+10  0.173769033724E+09
  0.242580645161E+01  0.243387096774E+01  0.241774193548E+01  0.196479178702E+12  0.265722065926E+11  0.169906972109E+12  0.240170900299E+11  0.238066542134E+10  0.174451141366E+09
  0.240967741935E+01  0.241774193548E+01  0.240161290323E+01  0.170516453655E+12  0.269839096259E+11  0.143532544029E+12  0.244133487592E+11  0.239536623848E+10  0.175194628290E+09
  0.239354838710E+01  0.240161290323E+01  0.238548387097E+01  0.141939203567E+12  0.273526750279E+11  0.114586528539E+12  0.247670717156E+11  0.240967282648E+10  0.175930485803E+09
  0.237741935484E+01  0.238548387097E+01  0.236935483871E+01  0.114641704890E+12  0.276806316614E+11  0.869610732287E+11  0.250780274880E+11  0.242586918717E+10  0.176734986234E+09
  0.236129032258E+01  0.236935483871E+01  0.235322580645E+01  0.911475005411E+11  0.279704414192E+11  0.631770591219E+11  0.253509856813E+11  0.244190667710E+10  0.177549060766E+09
  0.234516129032E+01  0.235322580645E+01  0.233709677419E+01  0.725033500604E+11  0.282308811309E+11  0.442724689295E+11  0.255931355545E+11  0.245934266748E+10  0.178402908927E+09
  0.232903225807E+01  0.233709677419E+01  0.232096774194E+01  0.586378262763E+11  0.284677575270E+11  0.301700687493E+11  0.258111689538E+11  0.247729477885E+10  0.179293794361E+09
  0.231290322581E+01  0.232096774194E+01  0.230483870968E+01  0.489899831250E+11  0.286867747830E+11  0.203032083420E+11  0.260108828323E+11  0.249568145703E+10  0.180210493726E+09
  0.229733460907E+01  0.230483870968E+01  0.228983050847E+01  0.427313907954E+11  0.288899111019E+11  0.138414796936E+11  0.261938521256E+11  0.251490316885E+10  0.181155807440E+09
  0.228523783488E+01  0.228983050847E+01  0.228064516129E+01  0.394661219729E+11  0.290461973982E+11  0.104199245747E+11  0.263350110415E+11  0.252931349945E+10  0.181872857250E+09
  0.227258064516E+01  0.228064516129E+01  0.226451612903E+01  0.372380501964E+11  0.292132281638E+11  0.802482203257E+10  0.264846123480E+11  0.254592485244E+10  0.182690963424E+09
  0.225645161290E+01  0.226451612903E+01  0.224838709677E+01  0.354748630964E+11  0.294306016485E+11  0.604426144793E+10  0.266796024041E+11  0.256723778574E+10  0.183761458628E+09
  0.224032258065E+01  0.224838709677E+01  0.223225806452E+01  0.345745683032E+11  0.296532057434E+11  0.492136255976E+10  0.268788308411E+11  0.258950663778E+10  0.184868264540E+09
  0.222419354839E+01  0.223225806452E+01  0.221612903226E+01  0.341852365416E+11  0.298813105418E+11  0.430392599983E+10  0.270831608084E+11  0.261214041810E+10  0.186009315275E+09
  0.220806451613E+01  0.221612903226E+01  0.220000000000E+01  0.340975508839E+11  0.301167733399E+11  0.398077754404E+10  0.272932930751E+11  0.263624986821E+10  0.187230396616E+09
  0.213305084746E+01  0.220000000000E+01  0.206610169492E+01  0.350327381418E+11  0.313015887042E+11  0.373114943765E+10  0.283458451110E+11  0.276187588145E+10  0.193867711712E+09
  0.195423728814E+01  0.206610169492E+01  0.184237288136E+01  0.385595118963E+11  0.347902324070E+11  0.376927948930E+10  0.314369038835E+11  0.313822942580E+10  0.215099097691E+09
  0.179618644068E+01  0.184237288136E+01  0.175000000000E+01  0.424491354190E+11  0.386836410870E+11  0.376549433192E+10  0.349005955031E+11  0.354396600048E+10  0.239079583445E+09
  0.174137931035E+01  0.175000000000E+01  0.173275862069E+01  0.440181580856E+11  0.402801167959E+11  0.373804128968E+10  0.363174269452E+11  0.371307991192E+10  0.249609938819E+09
  0.172413793104E+01  0.173275862069E+01  0.171551724138E+01  0.445423997206E+11  0.408161777484E+11  0.372622197219E+10  0.367922660170E+11  0.377061620095E+10  0.253295530443E+09
  0.170689655172E+01  0.171551724138E+01  0.169827586207E+01  0.450806307715E+11  0.413674788939E+11  0.371315187761E+10  0.372806805453E+11  0.382969517973E+10  0.257103168843E+09
  0.168965517241E+01  0.169827586207E+01  0.168103448276E+01  0.456310247388E+11  0.419321492589E+11  0.369887547984E+10  0.377812827643E+11  0.388984169406E+10  0.261024800534E+09
  0.167241379311E+01  0.168103448276E+01  0.166379310345E+01  0.461948303809E+11  0.425113791960E+11  0.368345118486E+10  0.382938747566E+11  0.395236929020E+10  0.265135149209E+09
  0.165517241379E+01  0.166379310345E+01  0.164655172414E+01  0.467704018813E+11  0.431034579763E+11  0.366694390499E+10  0.388188606051E+11  0.401529211862E+10  0.269305252571E+09
  0.163793103448E+01  0.164655172414E+01  0.162931034483E+01  0.473622114442E+11  0.437127946075E+11  0.364941683667E+10  0.393577214594E+11  0.408134719577E+10  0.273725952309E+09
  0.162397720631E+01  0.162931034483E+01  0.161864406780E+01  0.478483422797E+11  0.442137714108E+11  0.363457086889E+10  0.398018847464E+11  0.413456904526E+10  0.277317619174E+09
  0.161535651666E+01  0.161864406780E+01  0.161206896552E+01  0.481330034635E+11  0.445079522725E+11  0.362505119102E+10  0.400610471115E+11  0.416734894218E+10  0.279556218840E+09
  0.160344827586E+01  0.161206896552E+01  0.159482758621E+01  0.483663648548E+11  0.447547961783E+11  0.361156867659E+10  0.402558897547E+11  0.421600118849E+10  0.282905235014E+09
  0.158620689656E+01  0.159482758621E+01  0.157758620690E+01  0.473837761736E+11  0.437924304260E+11  0.359134574757E+10  0.392223302207E+11  0.428241261324E+10  0.287687592097E+09
  0.156939310345E+01  0.157758620690E+01  0.156120000000E+01  0.420729002754E+11  0.385020193215E+11  0.357088095387E+10  0.338710643350E+11  0.433837923589E+10  0.292575750612E+09
  0.156110000000E+01  0.156120000000E+01  0.156100000000E+01  0.375904802209E+11  0.340299620399E+11  0.356051818099E+10  0.293773411237E+11  0.435778178688E+10  0.294839129321E+09
  0.156067241379E+01  0.156100000000E+01  0.156034482759E+01  0.373205997120E+11  0.337606188212E+11  0.355998089086E+10  0.291068616280E+11  0.435877917374E+10  0.294978019440E+09
  0.155172413793E+01  0.156034482759E+01  0.154310344828E+01  0.322900452029E+11  0.287414058631E+11  0.354863933981E+10  0.240740279877E+11  0.436961760683E+10  0.297760268584E+09
  0.153448275862E+01  0.154310344828E+01  0.152586206897E+01  0.262982395536E+11  0.227719566601E+11  0.352628289351E+10  0.180937040489E+11  0.437531926924E+10  0.302933341937E+09
  0.151724137932E+01  0.152586206897E+01  0.150862068966E+01  0.248075528636E+11  0.213042191170E+11  0.350333374663E+10  0.166254653431E+11  0.437061018429E+10  0.308143589574E+09
  0.150000000000E+01  0.150862068966E+01  0.149137931034E+01  0.246732985183E+11  0.211934460768E+11  0.347985244156E+10  0.165150815321E+11  0.436499669121E+10  0.313367853505E+09
  0.148275862068E+01  0.149137931034E+01  0.147413793103E+01  0.247211897753E+11  0.212652598026E+11  0.345592997269E+10  0.165840132563E+11  0.436255123698E+10  0.318695309307E+09
  0.146551724138E+01  0.147413793103E+01  0.145689655172E+01  0.247822219162E+11  0.213506505408E+11  0.343157137542E+10  0.166657673057E+11  0.436086244125E+10  0.324020793870E+09
  0.144827586207E+01  0.145689655172E+01  0.143965517241E+01  0.248549648565E+11  0.214481487742E+11  0.340681608233E+10  0.167556352754E+11  0.436300643985E+10  0.329507058917E+09
  0.143103448275E+01  0.143965517241E+01  0.142241379310E+01  0.249317161883E+11  0.215500096780E+11  0.338170651032E+10  0.168501053198E+11  0.436495800234E+10  0.334946355921E+09
  0.141379310344E+01  0.142241379310E+01  0.140517241379E+01  0.250192038251E+11  0.216629235200E+11  0.335628030511E+10  0.169497709138E+11  0.437251814523E+10  0.340634460961E+09
  0.140004383401E+01  0.140517241379E+01  0.139491525424E+01  0.250895928576E+11  0.217537805375E+11  0.333581232019E+10  0.170310419228E+11  0.437759002587E+10  0.345148588733E+09
  0.139142314436E+01  0.139491525424E+01  0.138793103448E+01  0.251325307392E+11  0.218096772573E+11  0.332285348199E+10  0.170821743997E+11  0.437960550988E+10  0.347897347691E+09
  0.137931034482E+01  0.138793103448E+01  0.137068965517E+01  0.252030734054E+11  0.218985061630E+11  0.330456724242E+10  0.171566651442E+11  0.438970848893E+10  0.352132529816E+09
  0.136206896552E+01  0.137068965517E+01  0.135344827586E+01  0.253004482556E+11  0.220220954301E+11  0.327835282545E+10  0.172630624871E+11  0.440099849472E+10  0.358034448261E+09
  0.134482758621E+01  0.135344827586E+01  0.133620689655E+01  0.254037545758E+11  0.221518039983E+11  0.325195057753E+10  0.173721081330E+11  0.441557996298E+10  0.364115902240E+09
  0.132758620689E+01  0.133620689655E+01  0.131896551724E+01  0.255108747316E+11  0.222854873188E+11  0.322538741280E+10  0.174840757279E+11  0.443111347974E+10  0.370298111199E+09
  0.131034482759E+01  0.131896551724E+01  0.130172413793E+01  0.256266083802E+11  0.224279208907E+11  0.319868748951E+10  0.176012557754E+11  0.445000780635E+10  0.376657308950E+09
  0.129310344828E+01  0.130172413793E+01  0.128448275862E+01  0.257528539872E+11  0.225810025127E+11  0.317185147446E+10  0.177267849881E+11  0.447101367298E+10  0.383203851622E+09
  0.127586206896E+01  0.128448275862E+01  0.126724137931E+01  0.258889004854E+11  0.227440117729E+11  0.314488871241E+10  0.178621993946E+11  0.449199629019E+10  0.389816088117E+09
  0.125862068965E+01  0.126724137931E+01  0.125000000000E+01  0.260418200961E+11  0.229239713079E+11  0.311784878819E+10  0.180093541905E+11  0.451785194719E+10  0.396765170217E+09
  0.121059322034E+01  0.125000000000E+01  0.117118644068E+01  0.265256713265E+11  0.234834597817E+11  0.304221154486E+10  0.184723742651E+11  0.459397425721E+10  0.417111259372E+09
  0.105932203390E+01  0.117118644068E+01  0.947457627119E+00  0.278113251991E+11  0.255405137053E+11  0.227081149378E+10  0.201737341024E+11  0.487369980174E+10  0.493079801228E+09
  0.835593220339E+00  0.947457627119E+00  0.723728813559E+00  0.296133449076E+11  0.296133449076E+11  0.000000000000E+00  0.235022238145E+11  0.546752546422E+10  0.643595628898E+09
  0.611864406780E+00  0.723728813559E+00  0.500000000000E+00  0.331976540077E+11  0.331976540077E+11  0.000000000000E+00  0.253117665476E+11  0.694354030735E+10  0.942347152711E+09
  0.250000000000E+00  0.500000000000E+00  0.000000000000E+00  0.313312743135E+11  0.313312743135E+11  0.000000000000E+00  0.216577227795E+11  0.769608329240E+10  0.197746824156E+10
