          82          5          2                                            
 
Angular distribution:

          eV  Coefficients
  ----------  --------------------------------------------------
  4.812000e+6  0.000000e+0  0.000000e+0  0.000000e+0  0.000000e+0  0.000000e+0
  5.250000e+6  1.500000e-2  2.000000e-3  0.000000e+0  0.000000e+0  0.000000e+0
  5.370000e+6  3.350000e-2  1.200000e-2  0.000000e+0  0.000000e+0  0.000000e+0
  5.470000e+6  8.250000e-2  4.100000e-2  0.000000e+0  0.000000e+0  0.000000e+0
  5.590000e+6  1.410000e-1  2.284000e-2  0.000000e+0  0.000000e+0  0.000000e+0
  5.670000e+6  1.500000e-1  7.680000e-3  0.000000e+0  0.000000e+0  0.000000e+0
  5.730000e+6  1.410000e-1 -2.000000e-3  0.000000e+0  0.000000e+0  0.000000e+0
  5.830000e+6  1.092400e-1  0.000000e+0  0.000000e+0  0.000000e+0  0.000000e+0
  5.900000e+6  8.700010e-2  1.000000e-2  0.000000e+0  0.000000e+0  0.000000e+0
  6.040000e+6  7.600000e-2  5.260000e-2  0.000000e+0  0.000000e+0  0.000000e+0
  6.100000e+6  8.800000e-2  7.450010e-2  0.000000e+0  0.000000e+0  0.000000e+0
  6.220000e+6  1.480000e-1  1.156700e-1 -5.500000e-3  0.000000e+0  0.000000e+0
  6.240000e+6  1.440000e-1  1.180000e-1 -8.000000e-3  0.000000e+0  0.000000e+0
  6.260000e+6  6.080000e-2  1.120000e-1 -1.556000e-2  0.000000e+0  0.000000e+0
  6.290000e+6 -6.400000e-2  7.675000e-2 -2.689000e-2  0.000000e+0  0.000000e+0
  6.330000e+6 -6.100000e-2  2.975000e-2 -4.200000e-2 -1.000000e-3  0.000000e+0
  6.340000e+6 -5.400000e-2  1.800000e-2 -4.300000e-2 -1.330000e-3  0.000000e+0
  6.370000e+6 -3.300000e-2  1.700000e-2 -4.200000e-2 -3.630000e-3  0.000000e+0
  6.380000e+6 -2.600000e-2  1.800000e-2 -3.100000e-2 -5.260000e-3  0.000000e+0
  6.400000e+6 -1.200000e-2  3.914000e-2 -9.000000e-3 -8.530000e-3  0.000000e+0
  6.450000e+6  2.300000e-2  9.200010e-2 -4.000000e-3 -1.668000e-2  0.000000e+0
  6.480000e+6  4.400000e-2  9.700010e-2 -5.430000e-3 -2.158000e-2  0.000000e+0
  6.540000e+6  7.600000e-2  8.243000e-2 -1.065000e-2 -3.137000e-2  0.000000e+0
  6.575000e+6  7.200010e-2  7.650000e-2 -1.370000e-2 -3.467000e-2  0.000000e+0
  6.680000e+6 -1.600000e-2  6.654000e-2 -1.600000e-2 -3.429000e-2  0.000000e+0
  6.730000e+6 -1.800000e-2  6.452000e-2 -1.500000e-2 -3.536000e-2  0.000000e+0
  6.830000e+6 -4.800000e-3  6.492000e-2 -7.940000e-3 -4.900000e-2  0.000000e+0
  6.930000e+6  0.000000e+0  6.800000e-2 -2.000000e-3 -4.350000e-2  0.000000e+0
  6.980000e+6 -1.500000e-3  6.800000e-2 -7.480000e-3 -4.075000e-2  0.000000e+0
  7.030000e+6 -4.000000e-3  5.933000e-2 -1.867000e-2 -3.800000e-2  0.000000e+0
  7.080000e+6  6.000000e-3  3.600000e-2 -2.986000e-2 -3.900000e-2  0.000000e+0
  7.110000e+6  2.400000e-2  2.200000e-2 -3.657000e-2 -3.960000e-2  0.000000e+0
  7.130000e+6  3.600000e-2  2.000000e-2 -4.105000e-2 -4.000000e-2  0.000000e+0
  7.160000e+6  4.400000e-2  2.067000e-2 -4.776000e-2 -3.250000e-2  0.000000e+0
  7.220000e+6  3.160000e-2  2.200000e-2 -5.400000e-2 -1.750000e-2  0.000000e+0
  7.250000e+6  6.400000e-3  7.230000e-3 -5.240000e-2 -1.000000e-2  0.000000e+0
  7.280000e+6 -1.880000e-2 -7.540000e-3 -5.000000e-2 -6.250000e-3  0.000000e+0
  7.310000e+6 -4.400000e-2 -2.231000e-2 -4.280000e-2 -2.500000e-3  0.000000e+0
  7.330000e+6 -4.383000e-2 -3.215000e-2 -3.800000e-2  0.000000e+0  0.000000e+0
  7.415000e+6 -4.313000e-2 -7.400000e-2 -1.760000e-2  0.000000e+0  0.000000e+0
  7.430000e+6 -4.300000e-2 -7.486000e-2 -1.400000e-2  0.000000e+0  0.000000e+0
  7.450000e+6 -4.800000e-2 -7.600000e-2 -1.120000e-2  0.000000e+0  0.000000e+0
  7.480000e+6 -7.150000e-2 -7.420000e-2 -7.000000e-3  0.000000e+0  0.000000e+0
  7.500000e+6 -8.717000e-2 -7.300000e-2 -6.000000e-3  0.000000e+0  0.000000e+0
  7.570000e+6 -1.420000e-1 -4.928000e-2 -9.110000e-3  0.000000e+0  0.000000e+0
  7.590000e+6 -1.460000e-1 -4.250000e-2 -1.000000e-2  0.000000e+0  0.000000e+0
  7.635000e+6 -1.472500e-1 -2.725000e-2 -6.000000e-3  0.000000e+0  0.000000e+0
  7.700000e+6 -1.320000e-1 -1.067000e-2  1.220000e-2  1.430000e-3  0.000000e+0
  7.770000e+6 -3.200000e-2 -8.400000e-3  3.180000e-2  6.430000e-3  0.000000e+0
  7.800000e+6 -3.050000e-2 -8.000000e-3  4.020000e-2  8.570000e-3  0.000000e+0
  7.820000e+6 -4.014000e-2  1.520000e-3  4.580000e-2  1.000000e-2  0.000000e+0
  7.900000e+6 -1.052900e-1  3.962000e-2  6.600000e-2  5.560000e-3  0.000000e+0
  8.000000e+6 -1.400000e-1  1.200000e-1  2.000000e-2  0.000000e+0  0.000000e+0
  8.010000e+6 -1.460000e-1  9.200010e-2  3.500000e-2 -1.250000e-3  0.000000e+0
  8.080000e+6 -8.424010e-2  1.022700e-1  7.000000e-3 -1.000000e-2  0.000000e+0
  8.180000e+6  4.000000e-3  1.088500e-1 -3.300000e-2 -2.250000e-2  1.833000e-2
  8.200000e+6  1.200000e-2  1.094200e-1 -4.100000e-2 -2.500000e-2  2.200000e-2
  8.260000e+6  3.600000e-2  1.111200e-1 -5.500000e-2 -1.923000e-2  2.636000e-2
  8.330000e+6  5.800000e-2  1.160000e-1 -5.140000e-2 -1.250000e-2  2.955000e-2
  8.480000e+6  9.082010e-2  1.560000e-1 -1.402000e-2  2.710000e-3  2.618000e-2
  8.550000e+6  1.040000e-1  1.700000e-1  4.820000e-3  1.219000e-2  2.461000e-2
  8.675000e+6  1.035500e-1  1.851200e-1  3.400000e-2  2.912000e-2  2.181000e-2
  8.728100e+6  1.033600e-1  1.824100e-1  2.974000e-2  2.839000e-2  2.061000e-2
  8.800000e+6  5.493000e-2  1.787500e-1  2.397000e-2  2.313000e-2  1.900000e-2
  8.850000e+6  2.126000e-2  1.762000e-1  1.996000e-2  1.947000e-2  0.000000e+0
  9.000000e+6 -1.000000e-2  1.900000e-1  2.000000e-2  2.000000e-2  0.000000e+0
  9.500000e+6  9.000000e-2  2.400000e-1  2.000000e-2  3.000000e-2  0.000000e+0
  1.000000e+7  3.500000e-1  1.600000e-1  3.000000e-2  2.000000e-2  0.000000e+0
  1.050000e+7  9.000000e-2  1.900000e-1  4.000000e-2  4.000000e-2  0.000000e+0
  1.100000e+7  1.900000e-1  2.200000e-1  5.000000e-2  2.000000e-2  0.000000e+0
  1.200000e+7  2.900000e-1  2.400000e-1  5.000000e-2 -5.000000e-3  0.000000e+0
  1.250000e+7  1.800000e-1  2.600000e-1  4.000000e-2  2.500000e-2  0.000000e+0
  1.300000e+7  1.500000e-1  3.100000e-1  4.000000e-2  2.500000e-2  0.000000e+0
  1.350000e+7  1.300000e-1  2.600000e-1  2.000000e-2  1.600000e-2 -3.000000e-2
  1.400000e+7  1.600000e-2  1.700000e-1 -3.000000e-3 -3.000000e-2  1.000000e-2
  1.450000e+7  2.100000e-1  2.200000e-1 -4.000000e-2 -2.000000e-2 -3.000000e-2
  1.500000e+7  2.500000e-1  2.300000e-1 -3.000000e-2 -1.000000e-2 -4.000000e-2
  1.600000e+7  3.100000e-1  2.500000e-1  1.000000e-2 -5.000000e-3 -2.000000e-2
  1.700000e+7  3.700000e-1  2.600000e-1  6.000000e-2  5.000000e-3  0.000000e+0
  1.800000e+7  4.300000e-1  2.700000e-1  1.100000e-1  1.000000e-2  0.000000e+0
  1.900000e+7  4.600000e-1  2.850000e-1  1.600000e-1  4.000000e-2  2.000000e-2
  2.000000e+7  4.900000e-1  3.000000e-1  2.100000e-1  1.000000e-1  3.000000e-2