0.000000000000000000e+00 1.135417377832618215e-310
3.696443930286767710e-02 4.883812613801147978e-02
7.392887860573535419e-02 1.164292383397955849e-01
1.108933179086030313e-01 1.798304548964232974e-01
1.478577572114707084e-01 2.328562023286569471e-01
1.848221965143383994e-01 2.769646165673466665e-01
2.217866358172060626e-01 3.143472109014822102e-01
2.587510751200737258e-01 3.467145109036089967e-01
2.957155144229414168e-01 3.752915378379152456e-01
3.326799537258091077e-01 4.009548691198110415e-01
3.696443930286767987e-01 4.243437610480302324e-01
4.066088323315444342e-01 4.459355713377207708e-01
4.435732716344121251e-01 4.660927288763634380e-01
4.805377109372798161e-01 4.850961052340869162e-01
5.175021502401474516e-01 5.031679496616054958e-01
5.544665895430151981e-01 5.204866006278983104e-01
5.914310288458828335e-01 5.371970391418078306e-01
6.283954681487504690e-01 5.534184374806739859e-01
6.653599074516182155e-01 5.692496682690852960e-01
7.023243467544858509e-01 5.847733867198872115e-01
7.392887860573535974e-01 6.000590904273518378e-01
7.762532253602212329e-01 6.151654301778965994e-01
8.132176646630888683e-01 6.301419602197092518e-01
8.501821039659566148e-01 6.450304598440156356e-01
8.871465432688242503e-01 6.598659195981422254e-01
9.241109825716918857e-01 6.746772585942706346e-01
9.610754218745596322e-01 6.894878201876883939e-01
9.980398611774272677e-01 7.043156792081083362e-01
1.035004300480294903e+00 7.191737832717634005e-01
1.071968739783162539e+00 7.340699423944592183e-01
1.108933179086030396e+00 7.490066744700099033e-01
1.145897618388898032e+00 7.639809087612925431e-01
1.182862057691765667e+00 7.789835451950763989e-01
1.219826496994633303e+00 7.939988640132492614e-01
1.256790936297500938e+00 8.090037785447510288e-01
1.293755375600368795e+00 8.239669242242091407e-01
1.330719814903236431e+00 8.388475807076272162e-01
1.367684254206104066e+00 8.535944329562030752e-01
1.404648693508971702e+00 8.681441943935362948e-01
1.441613132811839337e+00 8.824201448608182119e-01
1.478577572114707195e+00 8.963306836754550977e-01
1.515542011417574830e+00 9.097680703459714024e-01
1.552506450720442466e+00 9.226076289421586418e-01
1.589470890023310101e+00 9.347078297564461735e-01
1.626435329326177737e+00 9.459118262759034224e-01
1.663399768629045372e+00 9.560511869632878357e-01
1.700364207931913230e+00 9.649526520834929011e-01
1.737328647234780865e+00 9.724486463365338285e-01
1.774293086537648501e+00 9.783918247935032841e-01
1.811257525840516136e+00 9.826729748172743362e-01
1.848221965143383771e+00 9.852401469460183581e-01
1.885186404446251629e+00 9.861152903050636187e-01
1.922150843749119264e+00 9.854036928425858877e-01
1.959115283051986900e+00 9.832921082947035929e-01
1.996079722354854535e+00 9.800340250275169085e-01
2.033044161657722171e+00 9.759243783887077139e-01
2.070008600960589806e+00 9.712693627024626686e-01
2.106973040263457442e+00 9.663581492850077392e-01
2.143937479566325077e+00 9.614418400174287171e-01
2.180901918869193157e+00 9.567219572873214561e-01
2.217866358172060792e+00 9.523478241382203890e-01
2.254830797474928428e+00 9.484204157552362791e-01
2.291795236777796063e+00 9.449998315379326552e-01
2.328759676080663699e+00 9.421140029735641797e-01
2.365724115383531334e+00 9.397670564210224287e-01
2.402688554686398970e+00 9.379465061371988766e-01
2.439652993989266605e+00 9.366289986458310457e-01
2.476617433292134240e+00 9.357846524918949083e-01
2.513581872595001876e+00 9.353801902540584967e-01
2.550546311897869511e+00 9.353811055059366719e-01
2.587510751200737591e+00 9.357530963953588632e-01
2.624475190503605226e+00 9.364629623315700035e-01
2.661439629806472862e+00 9.374791193041311921e-01
2.698404069109340497e+00 9.387718514590586150e-01
2.735368508412208133e+00 9.403133850612190869e-01
2.772332947715075768e+00 9.420778463794239332e-01
2.809297387017943404e+00 9.440411465999913876e-01
2.846261826320811039e+00 9.461808234654834893e-01
2.883226265623678675e+00 9.484758598093689930e-01
2.920190704926546310e+00 9.509064925370966925e-01
2.957155144229414390e+00 9.534540211127753295e-01
2.994119583532282025e+00 9.561006216573632033e-01
3.031084022835149661e+00 9.588291709119726169e-01
3.068048462138017296e+00 9.616230832490625380e-01
3.105012901440884932e+00 9.644661633913121923e-01
3.141977340743752567e+00 9.673424773480892025e-01
3.178941780046620202e+00 9.702362441659586612e-01
3.215906219349487838e+00 9.731317512974781980e-01
3.252870658652355473e+00 9.760132966161007007e-01
3.289835097955223109e+00 9.788651602409256247e-01
3.326799537258090744e+00 9.816716092781898606e-01
3.363763976560958824e+00 9.844169382319141182e-01
3.400728415863826459e+00 9.870855470856515490e-01
3.437692855166694095e+00 9.896620578334502927e-01
3.474657294469561730e+00 9.921314685004960499e-01
3.511621733772429366e+00 9.944793414633662509e-01
3.548586173075297001e+00 9.966920202576078358e-01
3.585550612378164637e+00 9.987568662436745459e-01
3.622515051681032272e+00 1.000662503784973012e+00
3.659479490983899908e+00 1.002399060343062365e+00
3.696443930286767543e+00 1.003958386514451462e+00
3.733408369589635178e+00 1.005334240880042751e+00
3.770372808892503258e+00 1.006522425848235036e+00
3.807337248195370893e+00 1.007518079910612707e+00
3.844301687498238529e+00 1.008323422209126852e+00
3.881266126801106164e+00 1.008941703387676858e+00
3.918230566103973800e+00 1.009377259280870964e+00
3.955195005406841435e+00 1.009636159310491665e+00
3.992159444709709071e+00 1.009725970845436471e+00
4.029123884012577150e+00 1.009655493668285553e+00
4.066088323315444342e+00 1.009434479546095220e+00
4.103052762618312421e+00 1.009073351140972408e+00
4.140017201921179613e+00 1.008582932631253426e+00
4.176981641224047692e+00 1.007974201840100337e+00
4.213946080526914884e+00 1.007258070786497539e+00
4.250910519829782963e+00 1.006445198732511148e+00
4.287874959132650154e+00 1.005545839257757423e+00
4.324839398435518234e+00 1.004569720805559063e+00
4.361803837738386314e+00 1.003525958580173905e+00
4.398768277041253505e+00 1.002422994623553665e+00
4.435732716344121584e+00 1.001268562307110255e+00
4.472697155646988776e+00 1.000069671255944925e+00
4.509661594949856855e+00 9.988326087883770965e-01
4.546626034252724047e+00 9.975629542151421836e-01
4.583590473555592126e+00 9.962656027245024859e-01
4.620554912858459318e+00 9.949447960210443531e-01
4.657519352161327397e+00 9.936041573418898931e-01
4.694483791464194589e+00 9.922467289130049162e-01
4.731448230767062668e+00 9.908750103107440976e-01
4.768412670069930748e+00 9.894909965490951143e-01
4.805377109372797939e+00 9.880962150174092962e-01
4.842341548675666019e+00 9.866917606473796232e-01
4.879305987978533210e+00 9.852783288951268981e-01
4.916270427281401290e+00 9.838562462895461547e-01
4.953234866584268481e+00 9.824254984274380931e-01
4.990199305887136561e+00 9.809857553951181197e-01
5.027163745190003752e+00 9.795363946708498526e-01
5.064128184492871831e+00 9.780765216176892096e-01
5.101092623795739023e+00 9.766049877166004256e-01
5.138057063098607102e+00 9.751204067188349311e-01
5.175021502401475182e+00 9.736211689180408468e-01
5.211985941704342373e+00 9.721054537585035460e-01
5.248950381007210453e+00 9.705712410087256048e-01
5.285914820310077644e+00 9.690163207395939837e-01
5.322879259612945724e+00 9.674383023540992221e-01
5.359843698915812915e+00 9.658346229190754029e-01
5.396808138218680995e+00 9.642025550459523142e-01
5.433772577521548186e+00 9.625392145523903320e-01
5.470737016824416266e+00 9.608415681043610546e-01
5.507701456127283457e+00 9.591064409837559701e-01
5.544665895430151537e+00 9.573305250476740191e-01
5.581630334733019616e+00 9.555103868465736339e-01
5.618594774035886807e+00 9.536424757623235271e-01
5.655559213338754887e+00 9.517231319367253084e-01
5.692523652641622078e+00 9.497458622868034661e-01
5.729488091944490158e+00 9.477004391781228554e-01
5.766452531247357349e+00 9.455920369459256403e-01
5.803416970550225429e+00 9.434166241358241667e-01
5.840381409853092620e+00 9.411700892440937327e-01
5.877345849155960700e+00 9.388482446629510259e-01
5.914310288458828779e+00 9.364468308017210862e-01
5.951274727761695971e+00 9.339615209261675766e-01
5.988239167064564050e+00 9.313879272328293712e-01
6.025203606367431242e+00 9.287216085991066850e-01
6.062168045670299321e+00 9.259580803508348223e-01
6.099132484973166513e+00 9.230928262916712201e-01
6.136096924276034592e+00 9.201213131585491700e-01
6.173061363578901783e+00 9.170390076107154398e-01
6.210025802881769863e+00 9.138413958254240077e-01
6.246990242184637054e+00 9.105240057562313805e-01
6.283954681487505134e+00 9.070824321037260773e-01
6.320919120790373213e+00 9.035123640480783314e-01
6.357883560093240405e+00 8.998096157935192574e-01
6.394847999396108484e+00 8.959701599740859113e-01
6.431812438698975676e+00 8.919901639659645332e-01
6.468776878001843755e+00 8.878660291437275864e-01
6.505741317304710947e+00 8.835944331056465595e-01
6.542705756607579026e+00 8.791723748770314817e-01
6.579670195910446218e+00 8.745972230809434533e-01
6.616634635213314297e+00 8.698667670429537369e-01
6.653599074516181489e+00 8.649792707719156093e-01
6.690563513819049568e+00 8.599335297327630467e-01
6.727527953121917648e+00 8.547289303012178818e-01
6.764492392424784839e+00 8.493655117654034248e-01
6.801456831727652919e+00 8.438440307170409493e-01
6.838421271030520110e+00 8.381660276570829238e-01
6.875385710333388189e+00 8.323338956292031243e-01
6.912350149636255381e+00 8.263509506918708114e-01
6.949314588939123460e+00 8.202215040484734931e-01
6.986279028241990652e+00 8.139509356779200955e-01
7.023243467544858731e+00 8.075457693487873012e-01
7.060207906847725923e+00 8.010137489618873730e-01
7.097172346150594002e+00 7.943639162531418441e-01
7.134136785453462082e+00 7.876066900053021458e-01
7.171101224756329273e+00 7.807539470680869842e-01
7.208065664059197353e+00 7.738191056770531429e-01
7.245030103362064544e+00 7.668172117979621394e-01
7.281994542664932624e+00 7.597650295119886543e-01
7.318958981967799815e+00 7.526811368055890128e-01
7.355923421270667895e+00 7.455860285456357150e-01
7.392887860573535086e+00 7.385022289158436060e-01
7.429852299876403166e+00 7.314544161763684160e-01
7.466816739179270357e+00 7.244695632992820267e-01
7.503781178482138436e+00 7.175770988453522570e-01
7.540745617785006516e+00 7.108090934032047503e-01
7.577710057087873707e+00 7.042004780350386017e-01
7.614674496390741787e+00 6.977893024931117738e-01
7.651638935693608978e+00 6.916170425220062867e-01
7.688603374996477058e+00 6.857289673808303343e-01
7.725567814299344249e+00 6.801745808462900111e-01
7.762532253602212329e+00 6.750081514271394356e-01
7.799496692905079520e+00 6.702893503544216092e-01
7.836461132207947600e+00 6.660840190983196019e-01
7.873425571510814791e+00 6.624650916216594521e-01
7.910390010813682871e+00 6.595137001039049762e-01
7.947354450116550950e+00 6.573204960133918195e-01
7.984318889419418142e+00 6.559872203041977601e-01
8.021283328722285333e+00 6.556285555602203718e-01
8.058247768025154301e+00 6.563742862021544333e-01
8.095212207328021492e+00 6.583717752696949255e-01
8.132176646630888683e+00 6.617887287775967575e-01
8.169141085933755875e+00 6.668161455552809036e-01
8.206105525236624842e+00 6.736712147865835387e-01
8.243069964539492034e+00 6.825996789002274356e-01
8.280034403842359225e+00 6.938767476779950094e-01
8.316998843145228193e+00 7.078049000644962563e-01
8.353963282448095384e+00 7.247056324731891985e-01
8.390927721750962576e+00 7.449000834161787488e-01
8.427892161053829767e+00 7.686700383897819844e-01
8.464856600356698735e+00 7.961856231581284637e-01
8.501821039659565926e+00 8.273789609117192523e-01
8.538785478962433118e+00 8.617358528105579785e-01
8.575749918265300309e+00 8.979767116040137109e-01
8.612714357568169277e+00 9.336210093612472560e-01
8.649678796871036468e+00 9.645108005442855070e-01
8.686643236173903659e+00 9.845485690419649716e-01
8.723607675476772627e+00 9.861558658670879218e-01
8.760572114779639818e+00 9.620294971194406353e-01
8.797536554082507010e+00 9.081530104414553550e-01
8.834500993385374201e+00 8.266053334747445192e-01
8.871465432688243169e+00 7.258546515378805353e-01
8.908429871991110360e+00 6.177468173049760480e-01
8.945394311293977552e+00 5.132183161469975330e-01
8.982358750596844743e+00 4.195062461121170649e-01
9.019323189899713711e+00 3.397594250797703608e-01
9.056287629202580902e+00 2.740924491300847365e-01
9.093252068505448094e+00 2.211178433615797467e-01
9.130216507808317061e+00 1.787302225756398355e-01
9.167180947111184253e+00 1.447930047379348273e-01
9.204145386414051444e+00 1.174807827306897506e-01
9.241109825716918635e+00 9.525263295287872412e-02
9.278074265019787603e+00 7.686037901045061904e-02
9.315038704322654795e+00 6.128925612412488427e-02
9.352003143625521986e+00 4.767403388139093007e-02
9.388967582928389177e+00 3.516196005496308868e-02
9.425932022231258145e+00 2.251087901022893675e-02
