0.000000000000000000e+00 1.141273750958861401e-310
3.699370390118979224e-02 5.874781767586536446e-02
7.398740780237958448e-02 1.567252647023424650e-01
1.109811117035693767e-01 2.526325795311351596e-01
1.479748156047591690e-01 3.353965123959989358e-01
1.849685195059489473e-01 4.062773723365676881e-01
2.219622234071387534e-01 4.680881613443271805e-01
2.589559273083285595e-01 5.231231113949419420e-01
2.959496312095183379e-01 5.730438772117841806e-01
3.329433351107081163e-01 6.190389966187399562e-01
3.699370390118978946e-01 6.619689804870653171e-01
4.069307429130877285e-01 7.024689901493069710e-01
4.439244468142775069e-01 7.410110961609652769e-01
4.809181507154672852e-01 7.779519762066127164e-01
5.179118546166571191e-01 8.135663141046569624e-01
5.549055585178468419e-01 8.480671163578872296e-01
5.918992624190366758e-01 8.816205665256249269e-01
6.288929663202265097e-01 9.143566436674961384e-01
6.658866702214162325e-01 9.463768813237745103e-01
7.028803741226060664e-01 9.777601271461208166e-01
7.398740780237957892e-01 1.008566868980413478e+00
7.768677819249856231e-01 1.038842509988417762e+00
8.138614858261754570e-01 1.068619856540869995e+00
8.508551897273651798e-01 1.097921003556070252e+00
8.878488936285550137e-01 1.126758748251058151e+00
9.248425975297448476e-01 1.155137626042463506e+00
9.618363014309345704e-01 1.183054636002753401e+00
9.988300053321244043e-01 1.210499704284986100e+00
1.035823709233314238e+00 1.237455919988107889e+00
1.072817413134504072e+00 1.263899567587623896e+00
1.109811117035693684e+00 1.289799972416515450e+00
1.146804820936883518e+00 1.315119170290732331e+00
1.183798524838073352e+00 1.339811409140356790e+00
1.220792228739263185e+00 1.363822489707875896e+00
1.257785932640453019e+00 1.387088954708223243e+00
1.294779636541642631e+00 1.409537142546130495e+00
1.331773340442832465e+00 1.431082134685871532e+00
1.368767044344022299e+00 1.451626647894186384e+00
1.405760748245212133e+00 1.471059957736720936e+00
1.442754452146401967e+00 1.489256992943034819e+00
1.479748156047591578e+00 1.506077817387101447e+00
1.516741859948781412e+00 1.521367822801379166e+00
1.553735563849971246e+00 1.534959092756196242e+00
1.590729267751161080e+00 1.546673559025083744e+00
1.627722971652350914e+00 1.556328727102255671e+00
1.664716675553540748e+00 1.563746834797756557e+00
1.701710379454730360e+00 1.568768211966272919e+00
1.738704083355920194e+00 1.571269162938975228e+00
1.775697787257110027e+00 1.571183715340872533e+00
1.812691491158299861e+00 1.568526993664919100e+00
1.849685195059489695e+00 1.563416014803778564e+00
1.886678898960679307e+00 1.556082096011358606e+00
1.923672602861869141e+00 1.546868974734474822e+00
1.960666306763058975e+00 1.536213171049476411e+00
1.997660010664248809e+00 1.524607956276764265e+00
2.034653714565438420e+00 1.512557717557127868e+00
2.071647418466628476e+00 1.500532795891466264e+00
2.108641122367818088e+00 1.488934236853414417e+00
2.145634826269008144e+00 1.478073846234739142e+00
2.182628530170197756e+00 1.468169823102065230e+00
2.219622234071387368e+00 1.459354419171474015e+00
2.256615937972577424e+00 1.451688572547127798e+00
2.293609641873767035e+00 1.445178912359577073e+00
2.330603345774957091e+00 1.439793939512723941e+00
2.367597049676146703e+00 1.435477692198551258e+00
2.404590753577336315e+00 1.432160351115966179e+00
2.441584457478526371e+00 1.429765930274119912e+00
2.478578161379715983e+00 1.428217520024488874e+00
2.515571865280906039e+00 1.427440632313006885e+00
2.552565569182095651e+00 1.427365157057327361e+00
2.589559273083285262e+00 1.427926347975419841e+00
2.626552976984475318e+00 1.429065157719409562e+00
2.663546680885664930e+00 1.430728154897398019e+00
2.700540384786854986e+00 1.432867185716618641e+00
2.737534088688044598e+00 1.435438890442549242e+00
2.774527792589234210e+00 1.438404147002906974e+00
2.811521496490424266e+00 1.441727487653025941e+00
2.848515200391613877e+00 1.445376516714130588e+00
2.885508904292803933e+00 1.449321345611353840e+00
2.922502608193993545e+00 1.453534053967929562e+00
2.959496312095183157e+00 1.457988181045884568e+00
2.996490015996373213e+00 1.462658249442088332e+00
3.033483719897562825e+00 1.467519322018050465e+00
3.070477423798752881e+00 1.472546593132484372e+00
3.107471127699942492e+00 1.477715016063593900e+00
3.144464831601132548e+00 1.482998969844701920e+00
3.181458535502322160e+00 1.488371970429276825e+00
3.218452239403511772e+00 1.493806432999139400e+00
3.255445943304701828e+00 1.499273494169742094e+00
3.292439647205891440e+00 1.504742904631629408e+00
3.329433351107081496e+00 1.510183004148901276e+00
3.366427055008271108e+00 1.515560791506950222e+00
3.403420758909460719e+00 1.520842101596225016e+00
3.440414462810650775e+00 1.525991899931174567e+00
3.477408166711840387e+00 1.530974701128802851e+00
3.514401870613030443e+00 1.535755111878561507e+00
3.551395574514220055e+00 1.540298490581280211e+00
3.588389278415409667e+00 1.544571705309937037e+00
3.625382982316599723e+00 1.548543959741446763e+00
3.662376686217789334e+00 1.552187644547633694e+00
3.699370390118979390e+00 1.555479161365702856e+00
3.736364094020169002e+00 1.558399660246307272e+00
3.773357797921358614e+00 1.560935631631496401e+00
3.810351501822548670e+00 1.562696892807395876e+00
3.847345205723738282e+00 1.563952981126947250e+00
3.884338909624928338e+00 1.564828098970487913e+00
3.921332613526117949e+00 1.565336962166479884e+00
3.958326317427307561e+00 1.565498749739607343e+00
3.995320021328497617e+00 1.565336291981983319e+00
4.032313725229687229e+00 1.564875190731164212e+00
4.069307429130876841e+00 1.564142929437332352e+00
4.106301133032067341e+00 1.563168022370527765e+00
4.143294836933256953e+00 1.561979240713917916e+00
4.180288540834446565e+00 1.560604940626185044e+00
4.217282244735636176e+00 1.559072506425875915e+00
4.254275948636825788e+00 1.557407911972642056e+00
4.291269652538016288e+00 1.555635395596792980e+00
4.328263356439205900e+00 1.553777238601590893e+00
4.365257060340395512e+00 1.551853634185112130e+00
4.402250764241585124e+00 1.549882632207860933e+00
4.439244468142774735e+00 1.547880145137793262e+00
4.476238172043965236e+00 1.545860001327195477e+00
4.513231875945154847e+00 1.543834033168348885e+00
4.550225579846344459e+00 1.541812189359960783e+00
4.587219283747534071e+00 1.539802662289173840e+00
4.624212987648723683e+00 1.537812023253968929e+00
4.661206691549914183e+00 1.535845359829249190e+00
4.698200395451103795e+00 1.533906411069500431e+00
4.735194099352293406e+00 1.531997697423275184e+00
4.772187803253483018e+00 1.530120643211737130e+00
4.809181507154672630e+00 1.528275690309551571e+00
4.846175211055863130e+00 1.526462402282655617e+00
4.883168914957052742e+00 1.524679558707981997e+00
4.920162618858242354e+00 1.522925239749404858e+00
4.957156322759431966e+00 1.521196901314723959e+00
4.994150026660621577e+00 1.519491441291068057e+00
5.031143730561812077e+00 1.517805257468354263e+00
5.068137434463001689e+00 1.516134297827592903e+00
5.105131138364191301e+00 1.514474103905248059e+00
5.142124842265380913e+00 1.512819847956834884e+00
5.179118546166570525e+00 1.511166364640388560e+00
5.216112250067761025e+00 1.509508177929614892e+00
5.253105953968950637e+00 1.507839523951638450e+00
5.290099657870140248e+00 1.506154370427625899e+00
5.327093361771329860e+00 1.504446433376314340e+00
5.364087065672519472e+00 1.502709191717969128e+00
5.401080769573709972e+00 1.500935900384184007e+00
5.438074473474899584e+00 1.499119602488790504e+00
5.475068177376089196e+00 1.497253141036952950e+00
5.512061881277278808e+00 1.495329170533820751e+00
5.549055585178468419e+00 1.493340168697138148e+00
5.586049289079658919e+00 1.491278448286942560e+00
5.623042992980848531e+00 1.489136168863523846e+00
5.660036696882038143e+00 1.486905348112248948e+00
5.697030400783227755e+00 1.484572993655898010e+00
5.734024104684417367e+00 1.482119490789135741e+00
5.771017808585607867e+00 1.479552780068748241e+00
5.808011512486797479e+00 1.476864401616778677e+00
5.845005216387987090e+00 1.474045791913774828e+00
5.881998920289176702e+00 1.471088288269576827e+00
5.918992624190366314e+00 1.467983133706931120e+00
5.955986328091556814e+00 1.464721483232714005e+00
5.992980031992746426e+00 1.461294412422175837e+00
6.029973735893936038e+00 1.457692929101681356e+00
6.066967439795125649e+00 1.453907988734266077e+00
6.103961143696316149e+00 1.449930513934194920e+00
6.140954847597505761e+00 1.445751418389433773e+00
6.177948551498695373e+00 1.441361635365353111e+00
6.214942255399884985e+00 1.436752150897426139e+00
6.251935959301074597e+00 1.431914041745584010e+00
6.288929663202265097e+00 1.426838518167723224e+00
6.325923367103454709e+00 1.421516971564209530e+00
6.362917071004644320e+00 1.415941027041714984e+00
6.399910774905833932e+00 1.410102600937889417e+00
6.436904478807023544e+00 1.403993963335657513e+00
6.473898182708214044e+00 1.397607805575450390e+00
6.510891886609403656e+00 1.390937312745543775e+00
6.547885590510593268e+00 1.383976241094835524e+00
6.584879294411782880e+00 1.376719000269850834e+00
6.621872998312972491e+00 1.369160740229665052e+00
6.658866702214162991e+00 1.361297442639834321e+00
6.695860406115352603e+00 1.353126016491458250e+00
6.732854110016542215e+00 1.344644397635599953e+00
6.769847813917731827e+00 1.335851651869078616e+00
6.806841517818921439e+00 1.326748081157679282e+00
6.843835221720111939e+00 1.317335332540087389e+00
6.880828925621301551e+00 1.307616509224011070e+00
6.917822629522491162e+00 1.297596283368969150e+00
6.954816333423680774e+00 1.287281010052600649e+00
6.991810037324870386e+00 1.276678841944198783e+00
7.028803741226060886e+00 1.265799844265993013e+00
7.065797445127250498e+00 1.254656109715776235e+00
7.102791149028440110e+00 1.243261873160289577e+00
7.139784852929629722e+00 1.231633626094921885e+00
7.176778556830819333e+00 1.219790231109437739e+00
7.213772260732009833e+00 1.207753036910773181e+00
7.250765964633199445e+00 1.195545994841730852e+00
7.287759668534389057e+00 1.183195778310042634e+00
7.324753372435578669e+00 1.170731907117971815e+00
7.361747076336768281e+00 1.158186879373096057e+00
7.398740780237958781e+00 1.145596314483575906e+00
7.435734484139148393e+00 1.132999111716889162e+00
7.472728188040338004e+00 1.120437629955611136e+00
7.509721891941527616e+00 1.107957895649262170e+00
7.546715595842717228e+00 1.095609847577203588e+00
7.583709299743907728e+00 1.083447628954134156e+00
7.620703003645097340e+00 1.071529939688614208e+00
7.657696707546286952e+00 1.059920464322913425e+00
7.694690411447476563e+00 1.048688394432767401e+00
7.731684115348666175e+00 1.037909068159401205e+00
7.768677819249856675e+00 1.027664754212120002e+00
7.805671523151046287e+00 1.018045613257593907e+00
7.842665227052235899e+00 1.009150876239631733e+00
7.879658930953425511e+00 1.001090286954999131e+00
7.916652634854615123e+00 9.939858651584171367e-01
7.953646338755805623e+00 9.879740563873775638e-01
7.990640042656995234e+00 9.832083449717833323e-01
8.027633746558185734e+00 9.798624159133744183e-01
8.064627450459374458e+00 9.781339565915179168e-01
8.101621154360564958e+00 9.782491849787114946e-01
8.138614858261753682e+00 9.804681667672143774e-01
8.175608562162944182e+00 9.850909203654448776e-01
8.212602266064134682e+00 9.924641715846095336e-01
8.249595969965323405e+00 1.002988347482371090e+00
8.286589673866513905e+00 1.017123883029632081e+00
8.323583377767702629e+00 1.035394967636886543e+00
8.360577081668893129e+00 1.058387164486986665e+00
8.397570785570083629e+00 1.086732380378097718e+00
8.434564489471272353e+00 1.121069674107639802e+00
8.471558193372462853e+00 1.161962375708758488e+00
8.508551897273651576e+00 1.209740187703963521e+00
8.545545601174842076e+00 1.264220471510816290e+00
8.582539305076032576e+00 1.324253252915627010e+00
8.619533008977221300e+00 1.387052839473126964e+00
8.656526712878411800e+00 1.447376891784101671e+00
8.693520416779600524e+00 1.496865228416228710e+00
8.730514120680791024e+00 1.524260075462964270e+00
8.767507824581981524e+00 1.517486593814441065e+00
8.804501528483170247e+00 1.467899364597718304e+00
8.841495232384360747e+00 1.374961335752284297e+00
8.878488936285549471e+00 1.247889165556135049e+00
8.915482640186739971e+00 1.102353117010308692e+00
8.952476344087930471e+00 9.544639046355758438e-01
8.989470047989119195e+00 8.161301001866927418e-01
9.026463751890309695e+00 6.936931475911602973e-01
9.063457455791498418e+00 5.889348194940244863e-01
9.100451159692688918e+00 5.009596545642673870e-01
9.137444863593879418e+00 4.274824783175968923e-01
9.174438567495068142e+00 3.658890951110983503e-01
9.211432271396258642e+00 3.136877840300310027e-01
9.248425975297447366e+00 2.686484950963253238e-01
9.285419679198637866e+00 2.288214276727984220e-01
9.322413383099828366e+00 1.924467906268034212e-01
9.359407087001017089e+00 1.577649636606571204e-01
9.396400790902207589e+00 1.225832915360244857e-01
9.433394494803396313e+00 8.273047473391437201e-02
