0.000000000000000000e+00 1.148099315956017986e-310
3.696443930286767710e-02 3.796219654227635937e-02
7.392887860573535419e-02 8.946991046113826618e-02
1.108933179086030313e-01 1.381157049454875552e-01
1.478577572114707084e-01 1.794782240500532589e-01
1.848221965143383994e-01 2.147190142112988809e-01
2.217866358172060626e-01 2.454916225560704601e-01
2.587510751200737258e-01 2.730659663173026774e-01
2.957155144229414168e-01 2.983385775728991662e-01
3.326799537258091077e-01 3.219409493275812717e-01
3.696443930286767987e-01 3.443251373711014307e-01
4.066088323315444342e-01 3.658219312665482725e-01
4.435732716344121251e-01 3.866738384985779486e-01
4.805377109372798161e-01 4.070615737765683750e-01
5.175021502401474516e-01 4.271228020810964310e-01
5.544665895430151981e-01 4.469628143128097642e-01
5.914310288458828335e-01 4.666624249305260652e-01
6.283954681487504690e-01 4.862835682240339574e-01
6.653599074516182155e-01 5.058733615943487028e-01
7.023243467544858509e-01 5.254671029522843817e-01
7.392887860573535974e-01 5.450905054185951615e-01
7.762532253602212329e-01 5.647613725223861181e-01
8.132176646630888683e-01 5.844908528255471358e-01
8.501821039659566148e-01 6.042843703478396611e-01
8.871465432688242503e-01 6.241422982990139090e-01
9.241109825716918857e-01 6.440604235638539565e-01
9.610754218745596322e-01 6.640302350870734838e-01
9.980398611774272677e-01 6.840390588300654384e-01
1.035004300480294903e+00 7.040700540768910498e-01
1.071968739783162539e+00 7.241020797595191238e-01
1.108933179086030396e+00 7.441094346707001206e-01
1.145897618388898032e+00 7.640614716937946804e-01
1.182862057691765667e+00 7.839220834725588727e-01
1.219826496994633303e+00 8.036490554682839127e-01
1.256790936297500938e+00 8.231932825872536608e-01
1.293755375600368795e+00 8.424978483675853447e-01
1.330719814903236431e+00 8.614969724775164428e-01
1.367684254206104066e+00 8.801148451032959619e-01
1.404648693508971702e+00 8.982643887470496136e-01
1.441613132811839337e+00 9.158460232024207004e-01
1.478577572114707195e+00 9.327465633477025619e-01
1.515542011417574830e+00 9.488384577937968301e-01
1.552506450720442466e+00 9.639796840963124058e-01
1.589470890023310101e+00 9.780147528172127291e-01
1.626435329326177737e+00 9.907774251688007405e-01
1.663399768629045372e+00 1.002095879552580726e+00
1.700364207931913230e+00 1.011801093659540518e+00
1.737328647234780865e+00 1.019739014529670529e+00
1.774293086537648501e+00 1.025786509864790030e+00
1.811257525840516136e+00 1.029870010696416482e+00
1.848221965143383771e+00 1.031984237630343415e+00
1.885186404446251629e+00 1.032206885539709518e+00
1.922150843749119264e+00 1.030704462168033686e+00
1.959115283051986900e+00 1.027725540502907320e+00
1.996079722354854535e+00 1.023580753537404853e+00
2.033044161657722171e+00 1.018612954110093227e+00
2.070008600960589806e+00 1.013164141498046567e+00
2.106973040263457442e+00 1.007546370243338929e+00
2.143937479566325077e+00 1.002021755155513061e+00
2.180901918869193157e+00 9.967932324012342971e-01
2.217866358172060792e+00 9.920046852335407950e-01
2.254830797474928428e+00 9.877474196219344638e-01
2.291795236777796063e+00 9.840697952215439193e-01
2.328759676080663699e+00 9.809875123456373025e-01
2.365724115383531334e+00 9.784930096664817833e-01
2.402688554686398970e+00 9.765632540511891557e-01
2.439652993989266605e+00 9.751657647128626483e-01
2.476617433292134240e+00 9.742630226666930682e-01
2.513581872595001876e+00 9.738155448503711398e-01
2.550546311897869511e+00 9.737839236749116223e-01
2.587510751200737591e+00 9.741301017001648965e-01
2.624475190503605226e+00 9.748181011673949792e-01
2.661439629806472862e+00 9.758143770241711756e-01
2.698404069109340497e+00 9.770879176236586527e-01
2.735368508412208133e+00 9.786101817622437915e-01
2.772332947715075768e+00 9.803549338023740400e-01
2.809297387017943404e+00 9.822980189615043711e-01
2.846261826320811039e+00 9.844171068777844980e-01
2.883226265623678675e+00 9.866914218801742242e-01
2.920190704926546310e+00 9.891014718486386137e-01
2.957155144229414390e+00 9.916287832714529848e-01
2.994119583532282025e+00 9.942556474433563718e-01
3.031084022835149661e+00 9.969648812336903143e-01
3.068048462138017296e+00 9.997396051549827245e-01
3.105012901440884932e+00 1.002563041341556049e+00
3.141977340743752567e+00 1.005418334328841201e+00
3.178941780046620202e+00 1.008288398068894365e+00
3.215906219349487838e+00 1.011155793304632233e+00
3.252870658652355473e+00 1.014002640135308164e+00
3.289835097955223109e+00 1.016810571209799896e+00
3.326799537258090744e+00 1.019560731337019632e+00
3.363763976560958824e+00 1.022233829241219860e+00
3.400728415863826459e+00 1.024810246538086833e+00
3.437692855166694095e+00 1.027270207592224205e+00
3.474657294469561730e+00 1.029594011589730185e+00
3.511621733772429366e+00 1.031762324837801614e+00
3.548586173075297001e+00 1.033756527013423021e+00
3.585550612378164637e+00 1.035559100017026557e+00
3.622515051681032272e+00 1.037154042652036479e+00
3.659479490983899908e+00 1.038527289192804570e+00
3.696443930286767543e+00 1.039667105875778486e+00
3.733408369589635178e+00 1.040564437396972020e+00
3.770372808892503258e+00 1.041213176448291922e+00
3.807337248195370893e+00 1.041491478489760203e+00
3.844301687498238529e+00 1.041483962230997262e+00
3.881266126801106164e+00 1.041231400845989086e+00
3.918230566103973800e+00 1.040741748229929931e+00
3.955195005406841435e+00 1.040025436647949775e+00
3.992159444709709071e+00 1.039094974971099594e+00
4.029123884012577150e+00 1.037964506306153112e+00
4.066088323315444342e+00 1.036649352429468429e+00
4.103052762618312421e+00 1.035165569466001134e+00
4.140017201921179613e+00 1.033529534526707483e+00
4.176981641224047692e+00 1.031757577488779942e+00
4.213946080526914884e+00 1.029865666581055272e+00
4.250910519829782963e+00 1.027869151492543764e+00
4.287874959132650154e+00 1.025782563681268300e+00
4.324839398435518234e+00 1.023619470544245624e+00
4.361803837738386314e+00 1.021392378088821440e+00
4.398768277041253505e+00 1.019112675599512796e+00
4.435732716344121584e+00 1.016790615356514271e+00
4.472697155646988776e+00 1.014435320554247344e+00
4.509661594949856855e+00 1.012054815024669319e+00
4.546626034252724047e+00 1.009656069048393778e+00
4.583590473555592126e+00 1.007245056324403309e+00
4.620554912858459318e+00 1.004826817982440890e+00
4.657519352161327397e+00 1.002405530303907222e+00
4.694483791464194589e+00 9.999845735313372952e-01
4.731448230767062668e+00 9.975665997744124214e-01
4.768412670069930748e+00 9.951535985551428487e-01
4.805377109372797939e+00 9.927469589778740167e-01
4.842341548675666019e+00 9.903475278677230653e-01
4.879305987978533210e+00 9.879556635035140477e-01
4.916270427281401290e+00 9.855712847887958539e-01
4.953234866584268481e+00 9.831939158678242308e-01
4.990199305887136561e+00 9.808227263125331996e-01
5.027163745190003752e+00 9.784565670904855628e-01
5.064128184492871831e+00 9.760940025805613374e-01
5.101092623795739023e+00 9.737333389393192373e-01
5.138057063098607102e+00 9.713726491421542653e-01
5.175021502401475182e+00 9.690097950341097777e-01
5.211985941704342373e+00 9.666424467290238853e-01
5.248950381007210453e+00 9.642680996951015215e-01
5.285914820310077644e+00 9.618840898617085911e-01
5.322879259612945724e+00 9.594876070765779863e-01
5.359843698915812915e+00 9.570757072338669236e-01
5.396808138218680995e+00 9.546453233794985893e-01
5.433772577521548186e+00 9.521932760772192639e-01
5.470737016824416266e+00 9.497162832825259970e-01
5.507701456127283457e+00 9.472109699177009290e-01
5.544665895430151537e+00 9.446738772682228280e-01
5.581630334733019616e+00 9.421014722318304946e-01
5.618594774035886807e+00 9.394901563575314141e-01
5.655559213338754887e+00 9.368362745311911155e-01
5.692523652641622078e+00 9.341338803314352957e-01
5.729488091944490158e+00 9.313739980389154072e-01
5.766452531247357349e+00 9.285603377642490663e-01
5.803416970550225429e+00 9.256890913773863083e-01
5.840381409853092620e+00 9.227564274236118580e-01
5.877345849155960700e+00 9.197584961083496990e-01
5.914310288458828779e+00 9.166914344204626364e-01
5.951274727761695971e+00 9.135513718481759193e-01
5.988239167064564050e+00 9.103344371175747796e-01
6.025203606367431242e+00 9.070367663178814377e-01
6.062168045670299321e+00 9.036545126933173133e-01
6.099132484973166513e+00 9.001838582983052728e-01
6.136096924276034592e+00 8.966210276439917637e-01
6.173061363578901783e+00 8.929623034145008909e-01
6.210025802881769863e+00 8.892040443001067995e-01
6.246990242184637054e+00 8.853427049775423052e-01
6.283954681487505134e+00 8.813748582598750492e-01
6.320919120790373213e+00 8.772972194352499642e-01
6.357883560093240405e+00 8.731066728118924702e-01
6.394847999396108484e+00 8.688003004837288046e-01
6.431812438698975676e+00 8.643754133256276173e-01
6.468776878001843755e+00 8.598295842188730109e-01
6.505741317304710947e+00 8.551606834961997805e-01
6.542705756607579026e+00 8.503669165815428421e-01
6.579670195910446218e+00 8.454468637833507660e-01
6.616634635213314297e+00 8.403995221822045947e-01
6.653599074516181489e+00 8.352243495346246549e-01
6.690563513819049568e+00 8.299213100959937917e-01
6.727527953121917648e+00 8.244909222476880517e-01
6.764492392424784839e+00 8.189343077978664676e-01
6.801456831727652919e+00 8.132532428134472413e-01
6.838421271030520110e+00 8.074502098340410328e-01
6.875385710333388189e+00 8.015284513189266935e-01
6.912350149636255381e+00 7.954920241876445308e-01
6.949314588939123460e+00 7.893458553355516827e-01
6.986279028241990652e+00 7.830957980405713892e-01
7.023243467544858731e+00 7.767486892289566791e-01
7.060207906847725923e+00 7.703124076395796438e-01
7.097172346150594002e+00 7.637959330212109599e-01
7.134136785453462082e+00 7.572094066196629614e-01
7.171101224756329273e+00 7.505641933654113584e-01
7.208065664059197353e+00 7.438729463623371396e-01
7.245030103362064544e+00 7.371496745098826686e-01
7.281994542664932624e+00 7.304098143700937795e-01
7.318958981967799815e+00 7.236703077251138705e-01
7.355923421270667895e+00 7.169496866677707025e-01
7.392887860573535086e+00 7.102681685381676546e-01
7.429852299876403166e+00 7.036477635745428394e-01
7.466816739179270357e+00 6.971123988020827555e-01
7.503781178482138436e+00 6.906880624566607008e-01
7.540745617785006516e+00 6.844029741541459710e-01
7.577710057087873707e+00 6.782877870968863077e-01
7.614674496390741787e+00 6.723758298903119712e-01
7.651638935693608978e+00 6.667033970635380946e-01
7.688603374996477058e+00 6.613100991941061046e-01
7.725567814299344249e+00 6.562392856798806573e-01
7.762532253602212329e+00 6.515385557339928857e-01
7.799496692905079520e+00 6.472603761502391251e-01
7.836461132207947600e+00 6.434628278259897360e-01
7.873425571510814791e+00 6.402105069204866439e-01
7.910390010813682871e+00 6.375756107557493113e-01
7.947354450116550950e+00 6.356392428380148729e-01
7.984318889419418142e+00 6.344929750506834720e-01
8.021283328722285333e+00 6.342407068887562227e-01
8.058247768025154301e+00 6.350008592128401075e-01
8.095212207328021492e+00 6.369089291000797903e-01
8.132176646630888683e+00 6.401204052595353966e-01
8.169141085933755875e+00 6.448139865317519259e-01
8.206105525236624842e+00 6.511949353100364712e-01
8.243069964539492034e+00 6.594981917854281228e-01
8.280034403842359225e+00 6.699905023925289971e-01
8.316998843145228193e+00 6.829701561602770088e-01
8.353963282448095384e+00 6.987617775323835545e-01
8.390927721750962576e+00 7.177016825122167765e-01
8.427892161053829767e+00 7.401061213244604087e-01
8.464856600356698735e+00 7.662097899444425542e-01
8.501821039659565926e+00 7.960550680977848126e-01
8.538785478962433118e+00 8.293047509269970696e-01
8.575749918265300309e+00 8.649481755631649449e-01
8.612714357568169277e+00 9.008883044150842734e-01
8.649678796871036468e+00 9.334678525779793734e-01
8.686643236173903659e+00 9.571569692498511639e-01
8.723607675476772627e+00 9.648688371183286039e-01
8.760572114779639818e+00 9.494720586160960707e-01
8.797536554082507010e+00 9.065489851532648746e-01
8.834500993385374201e+00 8.371415792140557421e-01
8.871465432688243169e+00 7.483190809039808045e-01
8.908429871991110360e+00 6.506539029845062050e-01
8.945394311293977552e+00 5.543112171810051780e-01
8.982358750596844743e+00 4.663270357209459704e-01
9.019323189899713711e+00 3.900524066548554658e-01
9.056287629202580902e+00 3.259780205703506351e-01
9.093252068505448094e+00 2.731468691478639577e-01
9.130216507808317061e+00 2.297862038535091189e-01
9.167180947111184253e+00 1.940185237772120430e-01
9.204145386414051444e+00 1.641996455182287429e-01
9.241109825716918635e+00 1.388921879082496424e-01
9.278074265019787603e+00 1.168857566923014041e-01
9.315038704322654795e+00 9.713640263001543929e-02
9.352003143625521986e+00 7.866103003457446119e-02
9.388967582928389177e+00 6.032155158342971529e-02
9.425932022231258145e+00 4.009276587838258438e-02
