0.000000000000000000e+00 1.148099315936255360e-310
3.700996201136874664e-02 9.787278942081195643e-02
7.401992402273749327e-02 2.205811044967363188e-01
1.110298860341062399e-01 3.318444431070843303e-01
1.480398480454749865e-01 4.232757249725507265e-01
1.850498100568437332e-01 4.987534680969648582e-01
2.220597720682124798e-01 5.627050117718682687e-01
2.590697340795812265e-01 6.183876457125768722e-01
2.960796960909499731e-01 6.680628457960156030e-01
3.330896581023187197e-01 7.133131372772422152e-01
3.700996201136874664e-01 7.552707243489807931e-01
4.071095821250562130e-01 7.947663683072689889e-01
4.441195441364249596e-01 8.324169756234143236e-01
4.811295061477937063e-01 8.686896362493370383e-01
5.181394681591624529e-01 9.039457530962294873e-01
5.551494301705311996e-01 9.384678122089500363e-01
5.921593921818999462e-01 9.724786802982158251e-01
6.291693541932686928e-01 1.006155271745906354e+00
6.661793162046374395e-01 1.039638448718367192e+00
7.031892782160061861e-01 1.073040308397352316e+00
7.401992402273749327e-01 1.106449608374287630e+00
7.772092022387436794e-01 1.139935832972100993e+00
8.142191642501124260e-01 1.173552243753291924e+00
8.512291262614811727e-01 1.207338152139365794e+00
8.882390882728499193e-01 1.241320580803104701e+00
9.252490502842186659e-01 1.275515431098704244e+00
9.622590122955874126e-01 1.309928238665974076e+00
9.992689743069561592e-01 1.344554573660674768e+00
1.036278936318324906e+00 1.379380122724920499e+00
1.073288898329693541e+00 1.414380474830884138e+00
1.110298860341062399e+00 1.449520621271991105e+00
1.147308822352431257e+00 1.484754170665685935e+00
1.184318784363799892e+00 1.520022272684154796e+00
1.221328746375168528e+00 1.555252239662316516e+00
1.258338708386537386e+00 1.590355854177229800e+00
1.295348670397906243e+00 1.625227354903390431e+00
1.332358632409274879e+00 1.659741105419865859e+00
1.369368594420643515e+00 1.693748975655579692e+00
1.406378556432012372e+00 1.727077509891860929e+00
1.443388518443381230e+00 1.759525027870332270e+00
1.480398480454749865e+00 1.790858918452652659e+00
1.517408442466118501e+00 1.820813552029767024e+00
1.554418404477487359e+00 1.849089470297206050e+00
1.591428366488856216e+00 1.875354811884860418e+00
1.628438328500224852e+00 1.899250275310296221e+00
1.665448290511593488e+00 1.920399230071988095e+00
1.702458252522962345e+00 1.938424699755892489e+00
1.739468214534331203e+00 1.952974585784656547e+00
1.776478176545699839e+00 1.963755325418434561e+00
1.813488138557068474e+00 1.970571903352684728e+00
1.850498100568437332e+00 1.973368874882003077e+00
1.887508062579806190e+00 1.972263706307631592e+00
1.924518024591174825e+00 1.967562079199155489e+00
1.961527986602543461e+00 1.959746822595106908e+00
1.998537948613912318e+00 1.949438485821163969e+00
2.035547910625281176e+00 1.937334256477755812e+00
2.072557872636649812e+00 1.924138863235520747e+00
2.109567834648018447e+00 1.910502706422819941e+00
2.146577796659387083e+00 1.896978288974995097e+00
2.183587758670756163e+00 1.883998864850872978e+00
2.220597720682124798e+00 1.871876771573107279e+00
2.257607682693493434e+00 1.860815378602876491e+00
2.294617644704862514e+00 1.850928063319032812e+00
2.331627606716231149e+00 1.842258973700692248e+00
2.368637568727599785e+00 1.834802273715375964e+00
2.405647530738968420e+00 1.828518277727051222e+00
2.442657492750337056e+00 1.823346059057120216e+00
2.479667454761706136e+00 1.819212780720785627e+00
2.516677416773074771e+00 1.816040283961938284e+00
2.553687378784443407e+00 1.813749531673656490e+00
2.590697340795812487e+00 1.812263451552806437e+00
2.627707302807181122e+00 1.811508628233734930e+00
2.664717264818549758e+00 1.811416192541748016e+00
2.701727226829918393e+00 1.811922166518162181e+00
2.738737188841287029e+00 1.812967450520920343e+00
2.775747150852656109e+00 1.814497583353740895e+00
2.812757112864024744e+00 1.816462365586136496e+00
2.849767074875393380e+00 1.818815406996059814e+00
2.886777036886762460e+00 1.821513638607415331e+00
2.923786998898131095e+00 1.824516815801074943e+00
2.960796960909499731e+00 1.827787029663498819e+00
2.997806922920868367e+00 1.831288237770629435e+00
3.034816884932237002e+00 1.834985822017532575e+00
3.071826846943606082e+00 1.838846179201277575e+00
3.108836808954974718e+00 1.842836349344060487e+00
3.145846770966343353e+00 1.846923686837364853e+00
3.182856732977712433e+00 1.851075580108636043e+00
3.219866694989081068e+00 1.855259226416896112e+00
3.256876657000449704e+00 1.859441469345264997e+00
3.293886619011818340e+00 1.863588707342211048e+00
3.330896581023186975e+00 1.867666882020252439e+00
3.367906543034556055e+00 1.871641554580880662e+00
3.404916505045924691e+00 1.875478077423071044e+00
3.441926467057293326e+00 1.879141865452730542e+00
3.478936429068662406e+00 1.882598767646752158e+00
3.515946391080031042e+00 1.885815533962068580e+00
3.552956353091399677e+00 1.888760365829515786e+00
3.589966315102768313e+00 1.891403530609059747e+00
3.626976277114136948e+00 1.893718012194585798e+00
3.663986239125506028e+00 1.895680162457341389e+00
3.700996201136874664e+00 1.897270312672010295e+00
3.738006163148243299e+00 1.898473301810953862e+00
3.775016125159612379e+00 1.899278880719015739e+00
3.812026087170981015e+00 1.899550231657084920e+00
3.849036049182349650e+00 1.899381223548110453e+00
3.886046011193718286e+00 1.898818839838959383e+00
3.923055973205086921e+00 1.897875227836968604e+00
3.960065935216456001e+00 1.896566669314003528e+00
3.997075897227824637e+00 1.894912945972048401e+00
4.034085859239193717e+00 1.892936636071888445e+00
4.071095821250562352e+00 1.890662384586665246e+00
4.108105783261930988e+00 1.888116185364740574e+00
4.145115745273299623e+00 1.885324707070276329e+00
4.182125707284668259e+00 1.882314686489988009e+00
4.219135669296036895e+00 1.879112404367298872e+00
4.256145631307405530e+00 1.875743251164014413e+00
4.293155593318774166e+00 1.872231383626152823e+00
4.330165555330143690e+00 1.868599468006650444e+00
4.367175517341512325e+00 1.864868502296212149e+00
4.404185479352880961e+00 1.861057707695550567e+00
4.441195441364249596e+00 1.857184478597801336e+00
4.478205403375618232e+00 1.853264380275913670e+00
4.515215365386986868e+00 1.849311184028090471e+00
4.552225327398355503e+00 1.845336930496630945e+00
4.589235289409725027e+00 1.841352013056764880e+00
4.626245251421093663e+00 1.837365274429059170e+00
4.663255213432462298e+00 1.833384110903173658e+00
4.700265175443830934e+00 1.829414579705954669e+00
4.737275137455199570e+00 1.825461506067082906e+00
4.774285099466568205e+00 1.821528587414443567e+00
4.811295061477936841e+00 1.817618492867342450e+00
4.848305023489305476e+00 1.813732956797092122e+00
4.885314985500674112e+00 1.809872865704286404e+00
4.922324947512043636e+00 1.806038338036098034e+00
4.959334909523412271e+00 1.802228796852097137e+00
4.996344871534780907e+00 1.798443035458839434e+00
5.033354833546149543e+00 1.794679276286410330e+00
5.070364795557518178e+00 1.790935223387344788e+00
5.107374757568886814e+00 1.787208109010372858e+00
5.144384719580255450e+00 1.783494734748164889e+00
5.181394681591624973e+00 1.779791507786681937e+00
5.218404643602993609e+00 1.776094472800216817e+00
5.255414605614362245e+00 1.772399340045102356e+00
5.292424567625730880e+00 1.768701510208584793e+00
5.329434529637099516e+00 1.764996096568514083e+00
5.366444491648468151e+00 1.761277945011975321e+00
5.403454453659836787e+00 1.757541652442360602e+00
5.440464415671205423e+00 1.753781584067172217e+00
5.477474377682574058e+00 1.749991889994191085e+00
5.514484339693943582e+00 1.746166521462974019e+00
5.551494301705312218e+00 1.742299246898816767e+00
5.588504263716680853e+00 1.738383667803799826e+00
5.625514225728049489e+00 1.734413234316257268e+00
5.662524187739418124e+00 1.730381260113139419e+00
5.699534149750786760e+00 1.726276411446584724e+00
5.736544111762155396e+00 1.722081215280227839e+00
5.773554073773524919e+00 1.717803761325342737e+00
5.810564035784893555e+00 1.713436938610832572e+00
5.847573997796262191e+00 1.708973553742340057e+00
5.884583959807630826e+00 1.704406338155711076e+00
5.921593921818999462e+00 1.699727955567329696e+00
5.958603883830368098e+00 1.694931010531813387e+00
5.995613845841736733e+00 1.690008058973032856e+00
6.032623807853105369e+00 1.684951621426384660e+00
6.069633769864474004e+00 1.679754199564943651e+00
6.106643731875843528e+00 1.674408296419785280e+00
6.143653693887212164e+00 1.668906440571478411e+00
6.180663655898580799e+00 1.663241214495305709e+00
6.217673617909949435e+00 1.657405287185753862e+00
6.254683579921318071e+00 1.651391451157421919e+00
6.291693541932686706e+00 1.645192663910283404e+00
6.328703503944055342e+00 1.638802093947159033e+00
6.365713465955424866e+00 1.632213171434275134e+00
6.402723427966793501e+00 1.625419643596398123e+00
6.439733389978162137e+00 1.618415634934140757e+00
6.476743351989530773e+00 1.611195712341182418e+00
6.513753314000899408e+00 1.603754955183189113e+00
6.550763276012268044e+00 1.596089030378451401e+00
6.587773238023636679e+00 1.588194272493727466e+00
6.624783200035005315e+00 1.580067768838474551e+00
6.661793162046373951e+00 1.571707449507814713e+00
6.698803124057743474e+00 1.563112182291446883e+00
6.735813086069112110e+00 1.554281872333436842e+00
6.772823048080480746e+00 1.545217566399402109e+00
6.809833010091849381e+00 1.535921561585399608e+00
6.846842972103218017e+00 1.526397518290020683e+00
6.883852934114586652e+00 1.516650577271448475e+00
6.920862896125955288e+00 1.506687480628760012e+00
6.957872858137324812e+00 1.496516696586245532e+00
6.994882820148693447e+00 1.486148548026351879e+00
7.031892782160062083e+00 1.475595344817103527e+00
7.068902744171430719e+00 1.464871520120341497e+00
7.105912706182799354e+00 1.453993771055333672e+00
7.142922668194167990e+00 1.442981204336724055e+00
7.179932630205536626e+00 1.431855487816042993e+00
7.216942592216905261e+00 1.420641009242519459e+00
7.253952554228273897e+00 1.409365044034184722e+00
7.290962516239643421e+00 1.398057934427975990e+00
7.327972478251012056e+00 1.386753283073995702e+00
7.364982440262380692e+00 1.375488164973454053e+00
7.401992402273749327e+00 1.364303362654764484e+00
7.439002364285117963e+00 1.353243630665061703e+00
7.476012326296486599e+00 1.342357996858406954e+00
7.513022288307855234e+00 1.331700109627357298e+00
7.550032250319224758e+00 1.321328642200773729e+00
7.587042212330593394e+00 1.311307767477495556e+00
7.624052174341962029e+00 1.301707719655028628e+00
7.661062136353330665e+00 1.292605462230043134e+00
7.698072098364699301e+00 1.284085485892616285e+00
7.735082060376067936e+00 1.276240764518524973e+00
7.772092022387436572e+00 1.269173902997737136e+00
7.809101984398805207e+00 1.262998517124087394e+00
7.846111946410173843e+00 1.257840893268592719e+00
7.883121908421543367e+00 1.253841984020205969e+00
7.920131870432912002e+00 1.251159805142632031e+00
7.957141832444280638e+00 1.249972308394040166e+00
7.994151794455649274e+00 1.250480812562289046e+00
8.031161756467017909e+00 1.252914078693550648e+00
8.068171718478387433e+00 1.257533109725454734e+00
8.105181680489755180e+00 1.264636730097560280e+00
8.142191642501124704e+00 1.274567940450938908e+00
8.179201604512492452e+00 1.287720916286743567e+00
8.216211566523861975e+00 1.304548274968419186e+00
8.253221528535229723e+00 1.325567781661265876e+00
8.290231490546599247e+00 1.351366845372623526e+00
8.327241452557968771e+00 1.382601707132108171e+00
8.364251414569336518e+00 1.419985709310687350e+00
8.401261376580706042e+00 1.464256776901138757e+00
8.438271338592073789e+00 1.516107262223021834e+00
8.475281300603443313e+00 1.576048471446237720e+00
8.512291262614811060e+00 1.644166992663103510e+00
8.549301224626180584e+00 1.719713005972009157e+00
8.586311186637548332e+00 1.800454227042248112e+00
8.623321148648917855e+00 1.881767293202797786e+00
8.660331110660287379e+00 1.955592221324776503e+00
8.697341072671655127e+00 2.009736273862336553e+00
8.734351034683024650e+00 2.028553335934174306e+00
8.771360996694392398e+00 1.996263794888733178e+00
8.808370958705761922e+00 1.903053203824691675e+00
8.845380920717129669e+00 1.751195092307402223e+00
8.882390882728499193e+00 1.556378019575221039e+00
8.919400844739868717e+00 1.342135359761369662e+00
8.956410806751236464e+00 1.131126177884301365e+00
8.993420768762605988e+00 9.390329907841878931e-01
9.030430730773973735e+00 7.733047060972298992e-01
9.067440692785343259e+00 6.349973682518785800e-01
9.104450654796711007e+00 5.219557999979391738e-01
9.141460616808080530e+00 4.302310113652079715e-01
9.178470578819450054e+00 3.556272091022342208e-01
9.215480540830817802e+00 2.945270403030686435e-01
9.252490502842187325e+00 2.437914613055035817e-01
9.289500464853555073e+00 2.008216016725689890e-01
9.326510426864924597e+00 1.634419268088452559e-01
9.363520388876292344e+00 1.297092567288754827e-01
9.400530350887661868e+00 9.755594737571013364e-02
9.437540312899029615e+00 6.364659926783856891e-02
