0.000000000000000000e+00 1.148099315949693946e-310
3.689940686215186644e-02 3.210031487621587548e-03
7.379881372430373287e-02 8.662370111755702748e-03
1.106982205864555924e-01 1.412098318363037668e-02
1.475976274486074657e-01 1.888857687582955538e-02
1.844970343107593391e-01 2.299220797833865723e-02
2.213964411729111847e-01 2.657292947054928564e-02
2.582958480350630581e-01 2.975401631464960617e-02
2.951952548972149315e-01 3.262774067911174136e-02
3.320946617593668049e-01 3.526162889272752010e-02
3.689940686215186783e-01 3.770551605698713865e-02
4.058934754836705516e-01 3.999684633008915302e-02
4.427928823458223695e-01 4.216399035376220544e-02
4.796922892079742429e-01 4.422882942170647952e-02
5.165916960701261162e-01 4.620858661697115760e-02
5.534911029322779896e-01 4.811696056252454112e-02
5.903905097944298630e-01 4.996496023933527653e-02
6.272899166565817364e-01 5.176150657001515193e-02
6.641893235187336098e-01 5.351387480297343374e-02
7.010887303808854831e-01 5.522802454205703176e-02
7.379881372430373565e-01 5.690884855673561393e-02
7.748875441051892299e-01 5.856036161403162243e-02
8.117869509673411033e-01 6.018584409083010955e-02
8.486863578294929766e-01 6.178795077295150956e-02
8.855857646916447390e-01 6.336879226246928953e-02
9.224851715537966124e-01 6.492999432326489184e-02
9.593845784159484857e-01 6.647273899580853629e-02
9.962839852781003591e-01 6.799779021162075110e-02
1.033183392140252232e+00 6.950550580954961699e-02
1.070082799002404217e+00 7.099583721790643509e-02
1.106982205864555979e+00 7.246831756706421934e-02
1.143881612726707964e+00 7.392203860745391597e-02
1.180781019588859726e+00 7.535561651847974551e-02
1.217680426451011488e+00 7.676714651480941176e-02
1.254579833313163473e+00 7.815414612101447001e-02
1.291479240175315235e+00 7.951348715716283211e-02
1.328378647037467220e+00 8.084131696150261004e-02
1.365278053899618982e+00 8.213297033281133364e-02
1.402177460761770966e+00 8.338287533878230295e-02
1.439076867623922729e+00 8.458445883067478022e-02
1.475976274486074713e+00 8.573006163914335953e-02
1.512875681348226475e+00 8.681087945889826019e-02
1.549775088210378460e+00 8.781695373203345090e-02
1.586674495072530222e+00 8.873724739362075231e-02
1.623573901934682207e+00 8.955985216311655728e-02
1.660473308796833969e+00 9.027238427211436989e-02
1.697372715658985953e+00 9.086262818546479714e-02
1.734272122521137716e+00 9.131947327065018105e-02
1.771171529383289478e+00 9.163414415686729764e-02
1.808070936245441462e+00 9.180164225141471124e-02
1.844970343107593225e+00 9.182219839164662556e-02
1.881869749969745209e+00 9.170241787679529744e-02
1.918769156831896971e+00 9.145574365292344354e-02
1.955668563694048956e+00 9.110194233701865429e-02
1.992567970556200718e+00 9.066555376485080364e-02
2.029467377418352481e+00 9.017356449764873938e-02
2.066366784280504465e+00 8.965281865777278980e-02
2.103266191142656449e+00 8.912773387106767697e-02
2.140165598004808434e+00 8.861872971029789714e-02
2.177065004866959974e+00 8.814150507317868033e-02
2.213964411729111958e+00 8.770705807361464657e-02
2.250863818591263943e+00 8.732221069410446568e-02
2.287763225453415927e+00 8.699038407421227914e-02
2.324662632315567468e+00 8.671242468547578353e-02
2.361562039177719452e+00 8.648735760629008840e-02
2.398461446039871436e+00 8.631300937847503907e-02
2.435360852902022977e+00 8.618648803585136908e-02
2.472260259764174961e+00 8.610453276472142259e-02
2.509159666626326946e+00 8.606375596939694339e-02
2.546059073488478930e+00 8.606080218416725658e-02
2.582958480350630470e+00 8.609244570160445864e-02
2.619857887212782455e+00 8.615564469770106704e-02
2.656757294074934439e+00 8.624756546626105580e-02
2.693656700937086423e+00 8.636558675731542678e-02
2.730556107799237964e+00 8.650729133044031405e-02
2.767455514661389948e+00 8.667044965390351130e-02
2.804354921523541933e+00 8.685299909286145481e-02
2.841254328385693917e+00 8.705302080651755592e-02
2.878153735247845457e+00 8.726871579988923489e-02
2.915053142109997442e+00 8.749838105702563429e-02
2.951952548972149426e+00 8.774038634763314803e-02
2.988851955834300966e+00 8.799315209550789829e-02
3.025751362696452951e+00 8.825512858702874719e-02
3.062650769558604935e+00 8.852477675431830173e-02
3.099550176420756920e+00 8.880055077112691819e-02
3.136449583282908460e+00 8.908088273562006498e-02
3.173348990145060444e+00 8.936416977140340667e-02
3.210248397007212429e+00 8.964876394581182406e-02
3.247147803869364413e+00 8.993296547202833668e-02
3.284047210731515953e+00 9.021501971717757473e-02
3.320946617593667938e+00 9.049311856872889470e-02
3.357846024455819922e+00 9.076540670111933606e-02
3.394745431317971907e+00 9.102999321729922377e-02
3.431644838180123447e+00 9.128496899991660196e-02
3.468544245042275431e+00 9.152842988102016797e-02
3.505443651904427416e+00 9.175850542050206782e-02
3.542343058766578956e+00 9.197339267575607713e-02
3.579242465628730940e+00 9.217139386748438024e-02
3.616141872490882925e+00 9.235095633834654316e-02
3.653041279353034909e+00 9.251071272315300464e-02
3.689940686215186449e+00 9.264951888085376508e-02
3.726840093077338434e+00 9.276648696658935933e-02
3.763739499939490418e+00 9.286101112136241342e-02
3.800638906801642403e+00 9.292243704214099564e-02
3.837538313663793943e+00 9.295811415895564866e-02
3.874437720525945927e+00 9.297160297130661888e-02
3.911337127388097912e+00 9.296363213879603460e-02
3.948236534250249896e+00 9.293516910126492503e-02
3.985135941112401436e+00 9.288738227722009855e-02
4.022035347974553865e+00 9.282159930485217592e-02
4.058934754836704961e+00 9.273926390647949103e-02
4.095834161698856946e+00 9.264189368921359191e-02
4.132733568561008930e+00 9.253104075947143903e-02
4.169632975423160914e+00 9.240825651497715232e-02
4.206532382285312899e+00 9.227506146051679681e-02
4.243431789147464883e+00 9.213292042697668327e-02
4.280331196009616868e+00 9.198322318882289073e-02
4.317230602871767964e+00 9.182727018560950250e-02
4.354130009733919948e+00 9.166626285675459618e-02
4.391029416596071933e+00 9.150129798510200918e-02
4.427928823458223917e+00 9.133336539851484581e-02
4.464828230320375901e+00 9.116334838345913072e-02
4.501727637182527886e+00 9.099202620461949165e-02
4.538627044044679870e+00 9.082007818659605658e-02
4.575526450906831855e+00 9.064808888688428989e-02
4.612425857768982951e+00 9.047655396557330310e-02
4.649325264631134935e+00 9.030588643094081269e-02
4.686224671493286920e+00 9.013642300783701600e-02
4.723124078355438904e+00 8.996843043552804620e-02
4.760023485217590888e+00 8.980211155276153490e-02
4.796922892079742873e+00 8.963761107029767639e-02
4.833822298941894857e+00 8.947502096560437657e-02
4.870721705804045953e+00 8.931438546168565806e-02
4.907621112666197938e+00 8.915570557311777722e-02
4.944520519528349922e+00 8.899894321828064059e-02
4.981419926390501907e+00 8.884402490845877409e-02
5.018319333252653891e+00 8.869084503280731668e-02
5.055218740114805875e+00 8.853926876387785416e-02
5.092118146976957860e+00 8.838913461213894485e-02
5.129017553839109844e+00 8.824025666022276837e-02
5.165916960701260940e+00 8.809242650895010573e-02
5.202816367563412925e+00 8.794541496784266665e-02
5.239715774425564909e+00 8.779897352310966907e-02
5.276615181287716894e+00 8.765283561609495122e-02
5.313514588149868878e+00 8.750671776495985710e-02
5.350413995012020862e+00 8.736032056179032779e-02
5.387313401874172847e+00 8.721332957610548886e-02
5.424212808736323943e+00 8.706541619344387861e-02
5.461112215598475927e+00 8.691623841378308402e-02
5.498011622460627912e+00 8.676544162849739172e-02
5.534911029322779896e+00 8.661265938618548099e-02
5.571810436184931881e+00 8.645751414738418739e-02
5.608709843047083865e+00 8.629961801724292392e-02
5.645609249909235849e+00 8.613857343586944770e-02
5.682508656771387834e+00 8.597370432456273581e-02
5.719408063633538930e+00 8.580396702912511386e-02
5.756307470495690914e+00 8.562983813499221164e-02
5.793206877357842899e+00 8.545088656683207107e-02
5.830106284219994883e+00 8.526667373733703981e-02
5.867005691082146868e+00 8.507675374450790473e-02
5.903905097944298852e+00 8.488067357174290672e-02
5.940804504806450836e+00 8.467797334429207068e-02
5.977703911668601933e+00 8.446818669301049687e-02
6.014603318530753917e+00 8.425084126873245982e-02
6.051502725392905901e+00 8.402545944076508788e-02
6.088402132255057886e+00 8.379155920333913876e-02
6.125301539117209870e+00 8.354865530593591494e-02
6.162200945979361855e+00 8.329626061779867030e-02
6.199100352841513839e+00 8.303388773354913877e-02
6.235999759703665823e+00 8.276105082515537725e-02
6.272899166565816920e+00 8.247726774493331636e-02
6.309798573427968904e+00 8.218206238425759813e-02
6.346697980290120888e+00 8.187496729279070129e-02
6.383597387152272873e+00 8.155552656302267334e-02
6.420496794014424857e+00 8.122329898458890973e-02
6.457396200876576842e+00 8.087786147211609156e-02
6.494295607738728826e+00 8.051881276921252217e-02
6.531195014600879922e+00 8.014577742968805041e-02
6.568094421463031907e+00 7.975841007519277048e-02
6.604993828325183891e+00 7.935639992625564965e-02
6.641893235187335875e+00 7.893947560125505469e-02
6.678792642049487860e+00 7.850741017523756027e-02
6.715692048911639844e+00 7.806002648781908138e-02
6.752591455773791829e+00 7.759720268675744659e-02
6.789490862635943813e+00 7.711887799132068066e-02
6.826390269498094909e+00 7.662505865743472755e-02
6.863289676360246894e+00 7.611582412495750127e-02
6.900189083222398878e+00 7.559133332650636028e-02
6.937088490084550862e+00 7.505183113728371158e-02
6.973987896946702847e+00 7.449765494656715448e-02
7.010887303808854831e+00 7.392924133425579636e-02
7.047786710671006816e+00 7.334713284039680314e-02
7.084686117533157912e+00 7.275198482234027098e-02
7.121585524395309896e+00 7.214457240344218647e-02
7.158484931257461881e+00 7.152579752952273329e-02
7.195384338119613865e+00 7.089669616502516925e-02
7.232283744981765850e+00 7.025844568056789641e-02
7.269183151843917834e+00 6.961237250790153208e-02
7.306082558706069818e+00 6.895996016785786720e-02
7.342981965568221803e+00 6.830285781247401322e-02
7.379881372430372899e+00 6.764288946499873167e-02
7.416780779292524883e+00 6.698206419201328810e-02
7.453680186154676868e+00 6.632258750172256856e-02
7.490579593016828852e+00 6.566687433317093536e-02
7.527478999878980837e+00 6.501756408462139314e-02
7.564378406741132821e+00 6.437753822795461156e-02
7.601277813603284805e+00 6.374994117250785963e-02
7.638177220465436790e+00 6.313820517966085843e-02
7.675076627327587886e+00 6.254608029259228763e-02
7.711976034189739870e+00 6.197767043834540024e-02
7.748875441051891855e+00 6.143747708619079484e-02
7.785774847914043839e+00 6.093045211131761785e-02
7.822674254776195824e+00 6.046206181840869942e-02
7.859573661638347808e+00 6.003836442376223048e-02
7.896473068500499792e+00 5.966610366675461491e-02
7.933372475362650889e+00 5.935282159446847450e-02
7.970271882224802873e+00 5.910699387943007393e-02
8.007171289086954857e+00 5.893819117648418232e-02
8.044070695949107730e+00 5.885726978926492797e-02
8.080970102811258826e+00 5.887659391431675909e-02
8.117869509673409922e+00 5.901028927255114881e-02
8.154768916535562795e+00 5.927452280512812699e-02
8.191668323397713891e+00 5.968779317035714099e-02
8.228567730259866764e+00 6.027119832701958307e-02
8.265467137122017860e+00 6.104861317447291685e-02
8.302366543984170733e+00 6.204665132317775667e-02
8.339265950846321829e+00 6.329418300452836765e-02
8.376165357708472925e+00 6.482100841632583432e-02
8.413064764570625798e+00 6.665500337974919476e-02
8.449964171432776894e+00 6.881661766271489344e-02
8.486863578294929766e+00 7.130899892173758747e-02
8.523762985157080863e+00 7.410135242086668406e-02
8.560662392019233735e+00 7.710293807313878256e-02
8.597561798881384831e+00 8.012676103097869651e-02
8.634461205743535928e+00 8.284838742770590791e-02
8.671360612605688800e+00 8.477992102628101323e-02
8.708260019467839896e+00 8.530034533454143586e-02
8.745159426329992769e+00 8.379115824580765648e-02
8.782058833192143865e+00 7.987861423862228916e-02
8.818958240054296738e+00 7.366937364825298928e-02
8.855857646916447834e+00 6.579191342144737054e-02
8.892757053778598930e+00 5.717084884453541016e-02
8.929656460640751803e+00 4.868738226024632576e-02
8.966555867502902899e+00 4.094737009852718324e-02
9.003455274365055772e+00 3.423699250378848397e-02
9.040354681227206868e+00 2.859812999070463629e-02
9.077254088089359740e+00 2.394102393485008501e-02
9.114153494951510837e+00 2.011274011813932519e-02
9.151052901813663709e+00 1.695327800816726765e-02
9.187952308675814805e+00 1.431824235383336551e-02
9.224851715537965902e+00 1.208306192133622690e-02
9.261751122400118774e+00 1.014291772921106782e-02
9.298650529262269870e+00 8.407514392058652516e-03
9.335549936124422743e+00 6.791989926336007045e-03
9.372449342986573839e+00 5.198344752679689984e-03
9.409348749848726712e+00 3.452360469165092430e-03
