         245          6          2                                            
 
Angular distribution:

          eV  Coefficients
  ----------  --------------------------------------------------
  1.000000e+4  1.372000e-3  0.000000e+0  0.000000e+0  0.000000e+0  0.000000e+0  0.000000e+0
  5.000000e+4  6.603000e-3  7.423100e-5  0.000000e+0  0.000000e+0  0.000000e+0  0.000000e+0
  1.000000e+5  1.245700e-2  2.801300e-4  0.000000e+0  0.000000e+0  0.000000e+0  0.000000e+0
  1.100000e+5  1.339600e-2  3.524300e-4  0.000000e+0  0.000000e+0  0.000000e+0  0.000000e+0
  1.200000e+5  1.424700e-2  4.297600e-4  0.000000e+0  0.000000e+0  0.000000e+0  0.000000e+0
  1.300000e+5  1.491100e-2  5.240000e-4  0.000000e+0  0.000000e+0  0.000000e+0  0.000000e+0
  1.400000e+5  1.512000e-2  7.038700e-4  0.000000e+0  0.000000e+0  0.000000e+0  0.000000e+0
  1.450000e+5  1.499300e-2  9.579300e-4  0.000000e+0  0.000000e+0  0.000000e+0  0.000000e+0
  1.475000e+5  1.516000e-2  1.225300e-3  0.000000e+0  0.000000e+0  0.000000e+0  0.000000e+0
  1.500000e+5  1.627200e-2  1.635400e-3  0.000000e+0  0.000000e+0  0.000000e+0  0.000000e+0
  1.529000e+5  1.967700e-2  1.983700e-3  0.000000e+0  0.000000e+0  0.000000e+0  0.000000e+0
  1.550000e+5  2.200800e-2  1.845300e-3  0.000000e+0  0.000000e+0  0.000000e+0  0.000000e+0
  1.575000e+5  2.305600e-2  1.505600e-3  0.000000e+0  0.000000e+0  0.000000e+0  0.000000e+0
  1.600000e+5  2.311400e-2  1.250600e-3  0.000000e+0  0.000000e+0  0.000000e+0  0.000000e+0                                            
  1.650000e+5  2.283700e-2  1.013300e-3  0.000000e+0  0.000000e+0  0.000000e+0  0.000000e+0
  1.700000e+5  2.278700e-2  9.371100e-4  0.000000e+0  0.000000e+0  0.000000e+0  0.000000e+0
  1.750000e+5  2.294100e-2  9.177400e-4  0.000000e+0  0.000000e+0  0.000000e+0  0.000000e+0
  1.800000e+5  2.322000e-2  9.221200e-4  0.000000e+0  0.000000e+0  0.000000e+0  0.000000e+0
  1.900000e+5  2.397600e-2  9.601900e-4  0.000000e+0  0.000000e+0  0.000000e+0  0.000000e+0
  2.000000e+5  2.486800e-2  1.014300e-3  0.000000e+0  0.000000e+0  0.000000e+0  0.000000e+0
  3.000000e+5  3.389700e-2  1.946500e-3  6.334400e-5  0.000000e+0  0.000000e+0  0.000000e+0
  4.000000e+5  4.148600e-2  3.011600e-3  1.281000e-4  0.000000e+0  0.000000e+0  0.000000e+0
  5.000000e+5  4.780200e-2  4.132600e-3  2.230800e-4  0.000000e+0  0.000000e+0  0.000000e+0
  6.000000e+5  5.314500e-2  5.274000e-3  3.476700e-4  0.000000e+0  0.000000e+0  0.000000e+0
  7.000000e+5  5.744800e-2  6.394900e-3  4.974000e-4 -5.641100e-5  0.000000e+0  0.000000e+0
  8.000000e+5  6.078900e-2  7.486100e-3  6.650900e-4 -1.013500e-4  0.000000e+0  0.000000e+0
  9.000000e+5  6.322600e-2  8.553600e-3  8.401900e-4 -1.700600e-4  0.000000e+0  0.000000e+0                      
  1.000000e+6  6.479700e-2  9.618100e-3  1.008100e-3 -2.704900e-4  0.000000e+0  0.000000e+0                      
  1.100000e+6  6.550000e-2  1.070900e-2  1.146800e-3 -4.118800e-4  0.000000e+0  0.000000e+0                      
  1.200000e+6  6.536000e-2  1.188100e-2  1.234700e-3 -6.050800e-4  0.000000e+0  0.000000e+0                      
  1.300000e+6  6.436300e-2  1.319900e-2  1.240500e-3 -8.620300e-4  0.000000e+0  0.000000e+0
  1.400000e+6  6.247500e-2  1.475200e-2  1.122800e-3 -1.195200e-3  6.114500e-5  0.000000e+0
  1.500000e+6  5.963500e-2  1.664300e-2  8.259800e-4 -1.615700e-3  8.828800e-5  0.000000e+0
  1.600000e+6  5.578100e-2  1.897000e-2  2.492400e-4 -2.126300e-3  1.247900e-4  0.000000e+0
  1.650000e+6  5.328500e-2  2.039500e-2 -2.552000e-4 -2.416100e-3  1.488000e-4  0.000000e+0
  1.680000e+6  5.180600e-2  2.117000e-2 -5.907000e-4 -2.578500e-3  1.632100e-4  0.000000e+0
  1.700000e+6  5.076500e-2  2.158000e-2 -8.678800e-4 -2.658500e-3  1.728200e-4  0.000000e+0
  1.710000e+6  4.995100e-2  2.184900e-2 -1.114800e-3 -2.661400e-3  1.789500e-4  0.000000e+0
  1.720000e+6  4.878600e-2  2.243800e-2 -1.386900e-3 -2.581800e-3  1.850800e-4  0.000000e+0
  1.730000e+6  4.760800e-2  2.426300e-2 -1.410200e-3 -2.435300e-3  1.912100e-4  0.000000e+0
  1.736000e+6  4.763000e-2  2.514000e-2 -1.194900e-3 -2.453600e-3  1.948900e-4  0.000000e+0
  1.740000e+6  4.770900e-2  2.508700e-2 -1.051500e-3 -2.525400e-3  1.973400e-4  0.000000e+0
  1.745000e+6  4.747100e-2  2.454800e-2 -9.698700e-4 -2.660800e-3  2.004000e-4  0.000000e+0
  1.750000e+6  4.693000e-2  2.410800e-2 -1.024200e-3 -2.804400e-3  2.034700e-4  0.000000e+0
  1.755000e+6  4.639400e-2  2.402300e-2 -1.150300e-3 -2.917200e-3  2.065300e-4  0.000000e+0
  1.760000e+6  4.596400e-2  2.415400e-2 -1.286800e-3 -2.997300e-3  2.096000e-4  0.000000e+0
  1.770000e+6  4.529100e-2  2.458900e-2 -1.529300e-3 -3.104400e-3  2.157200e-4  0.000000e+0
  1.780000e+6  4.468800e-2  2.503500e-2 -1.736800e-3 -3.183100e-3  2.218500e-4  0.000000e+0
  1.790000e+6  4.408700e-2  2.545600e-2 -1.925600e-3 -3.252000e-3  2.279800e-4  0.000000e+0
  1.800000e+6  4.347500e-2  2.586000e-2 -2.104400e-3 -3.316800e-3  2.341100e-4  0.000000e+0
  1.820000e+6  4.190500e-2  2.677700e-2 -2.611800e-3 -3.411200e-3  2.482700e-4  0.000000e+0
  1.850000e+6  3.950300e-2  2.812800e-2 -3.355400e-3 -3.548400e-3  2.695000e-4  0.000000e+0
  1.900000e+6  3.462400e-2  3.058600e-2 -5.085300e-3 -3.596600e-3  3.065600e-4  0.000000e+0
  1.925000e+6  3.169000e-2  3.189100e-2 -6.267500e-3 -3.474400e-3  3.245600e-4  0.000000e+0
  1.950000e+6  2.825000e-2  3.325300e-2 -7.815600e-3 -3.157700e-3  3.406800e-4  0.000000e+0
  1.960000e+6  2.667000e-2  3.381800e-2 -8.585700e-3 -2.943400e-3  3.461000e-4  0.000000e+0
  1.970000e+6  2.492900e-2  3.440500e-2 -9.476900e-3 -2.654700e-3  3.505500e-4  0.000000e+0
  1.980000e+6  2.298000e-2  3.502600e-2 -1.052400e-2 -2.265700e-3  3.536500e-4  0.000000e+0
  1.990000e+6  2.075900e-2  3.570000e-2 -1.178000e-2 -1.736900e-3  3.547800e-4  0.000000e+0
  2.000000e+6  1.816100e-2  3.648000e-2 -1.332200e-2 -1.006900e-3  3.530600e-4  0.000000e+0
  2.020000e+6  1.079700e-2  3.894000e-2 -1.806100e-2  1.571100e-3  3.379400e-4  0.000000e+0
  2.040000e+6 -2.062700e-3  4.600500e-2 -2.688000e-2  7.934200e-3  2.678500e-4  0.000000e+0
  2.060000e+6 -3.518300e-2  9.691510e-2 -4.969100e-2  3.288000e-2  0.000000e+0  0.000000e+0                      
  2.070000e+6 -6.030500e-2  2.755900e-1 -6.113000e-2  7.791200e-2 -3.519000e-4  0.000000e+0
  2.080000e+6  5.407200e-2  4.256200e-1  3.582300e-2  4.466600e-2  5.298500e-4  0.000000e+0
  2.090000e+6  7.744500e-2  1.978400e-1  4.476200e-2 -1.025600e-2  9.477500e-4  0.000000e+0
  2.100000e+6  6.315400e-2  1.231700e-1  3.078800e-2 -1.740600e-2  9.142000e-4  0.000000e+0
  2.110000e+6  5.284100e-2  9.624000e-2  2.202800e-2 -1.789700e-2  8.752700e-4  0.000000e+0
  2.120000e+6  4.583400e-2  8.401510e-2  1.651300e-2 -1.743800e-2  8.529400e-4  0.000000e+0
  2.130000e+6  4.073300e-2  7.767810e-2  1.275700e-2 -1.691400e-2  8.426000e-4  0.000000e+0
  2.140000e+6  3.677000e-2  7.417900e-2  1.002200e-2 -1.648200e-2  8.402000e-4  0.000000e+0
  2.150000e+6  3.352500e-2  7.223900e-2  7.923800e-3 -1.615600e-2  8.432400e-4  0.000000e+0
  2.300000e+6  6.206700e-3  8.469710e-2 -4.603100e-3 -1.697100e-2  1.109700e-3  0.000000e+0
  2.450000e+6 -1.572700e-2  1.180300e-1 -1.182800e-2 -2.089400e-2  1.541800e-3  0.000000e+0
  2.600000e+6 -3.655900e-2  1.684700e-1 -1.863200e-2 -2.550600e-2  2.040700e-3  0.000000e+0
  2.750000e+6 -4.791300e-2  2.415900e-1 -2.207500e-2 -2.924100e-2  2.102900e-3  0.000000e+0
  2.780000e+6 -4.374300e-2  2.590700e-1 -2.019700e-2 -3.010300e-2  1.553200e-3  6.194700e-5
  2.800000e+6 -2.816600e-2  2.684900e-1 -1.352800e-2 -3.224100e-2 -2.143700e-4  2.081800e-4
  2.805000e+6 -1.392900e-2  2.682800e-1 -7.163900e-3 -3.401800e-2 -1.776200e-3  3.361000e-4
  2.810000e+6  3.059500e-2  2.605400e-1  1.474000e-2 -3.815400e-2 -6.325900e-3  7.101800e-4
  2.815000e+6  1.010200e-1  2.822200e-1  1.866700e-1  6.405100e-2  1.085800e-2 -5.477000e-4
  2.820000e+6 -1.161000e-1  3.100300e-1 -4.142900e-2 -1.114100e-2  1.161100e-2 -7.458500e-4
  2.830000e+6 -7.678010e-2  3.054800e-1 -3.155400e-2 -2.194500e-2  5.970400e-3 -2.935000e-4
  2.840000e+6 -6.628800e-2  3.108600e-1 -2.785500e-2 -2.349100e-2  4.736400e-3 -1.950300e-4
  2.880000e+6 -4.664700e-2  3.445800e-1 -1.939900e-2 -2.140900e-2  3.340900e-3 -9.901500e-5
  2.900000e+6 -3.385000e-2  3.644500e-1 -1.328300e-2 -1.771900e-2  2.856400e-3 -8.198900e-5
  2.920000e+6 -1.298400e-2  3.836000e-1 -3.016400e-3 -1.111100e-2  2.175100e-3 -6.937400e-5
  2.940000e+6  2.403500e-2  3.919400e-1  1.578000e-2  9.418900e-4  1.038900e-3 -6.077300e-5
  2.960000e+6  8.727510e-2  3.502100e-1  4.947600e-2  2.166000e-2 -8.154700e-4 -6.569800e-5
  2.980000e+6  1.405500e-1  1.844800e-1  8.226010e-2  3.900400e-2 -2.167800e-3 -1.100700e-4
  3.000000e+6  7.872310e-2  4.029700e-2  5.622400e-2  1.844600e-2  0.000000e+0  0.000000e+0
  3.020000e+6 -4.886400e-3  6.621410e-2  1.352200e-2 -9.094900e-3  2.605800e-3 -1.658800e-4
  3.040000e+6 -4.590200e-2  1.295900e-1 -8.942300e-3 -2.253900e-2  3.838300e-3 -1.536600e-4
  3.080000e+6 -7.009800e-2  2.193400e-1 -2.348800e-2 -3.036900e-2  4.576600e-3 -1.340200e-4
  3.120000e+6 -7.229700e-2  2.716000e-1 -2.572300e-2 -3.095300e-2  4.688500e-3 -1.233400e-4
  3.200000e+6 -6.205300e-2  3.309700e-1 -2.133700e-2 -2.723200e-2  4.487100e-3 -1.138200e-4
  3.300000e+6 -4.077700e-2  3.682500e-1 -1.014700e-2 -1.950200e-2  3.891800e-3 -1.115400e-4
  3.400000e+6 -1.657200e-2  3.823000e-1  3.931300e-3 -1.027300e-2  3.028700e-3 -1.163400e-4
  3.500000e+6  6.739100e-3  3.803400e-1  1.911300e-2 -5.874600e-4  1.975000e-3 -1.286100e-4
  3.600000e+6  2.632600e-2  3.674100e-1  3.410800e-2  8.834100e-3  8.050000e-4 -1.495200e-4
  3.700000e+6  4.016800e-2  3.475100e-1  4.801900e-2  1.759300e-2 -4.245900e-4 -1.803100e-4
  3.800000e+6  4.670500e-2  3.233200e-1  6.021800e-2  2.558900e-2 -1.681400e-3 -2.222200e-4
  3.900000e+6  4.448100e-2  2.957800e-1  7.000710e-2  3.297100e-2 -2.954900e-3 -2.765700e-4
  4.000000e+6  3.360800e-2  2.627000e-1  7.576000e-2  4.010500e-2 -4.239000e-3 -3.441000e-4
  4.050000e+6  2.864900e-2  2.414400e-1  7.577100e-2  4.367400e-2 -4.863500e-3 -3.814400e-4
  4.100000e+6  3.506800e-2  2.137400e-1  7.227410e-2  4.701700e-2 -5.413900e-3 -4.165800e-4
  4.150000e+6  8.182700e-2  1.773000e-1  6.411200e-2  4.898700e-2 -5.731400e-3 -4.375800e-4
  4.200000e+6  2.136500e-1  1.419500e-1  5.589800e-2  4.674400e-2 -5.586600e-3 -4.268000e-4
  4.250000e+6  3.795200e-1  1.380800e-1  6.223300e-2  4.028800e-2 -5.298000e-3 -4.075900e-4
  4.300000e+6  4.446100e-1  1.606400e-1  8.098800e-2  3.630700e-2 -5.595400e-3 -4.356000e-4
  4.350000e+6  4.305000e-1  1.788000e-1  9.744400e-2  3.623500e-2 -6.324900e-3 -5.001000e-4
  4.400000e+6  3.980900e-1  1.866700e-1  1.086900e-1  3.770800e-2 -7.149500e-3 -5.757700e-4
  4.450000e+6  3.683800e-1  1.880500e-1  1.165000e-1  3.946000e-2 -7.962200e-3 -6.544900e-4
  4.500000e+6  3.446600e-1  1.860100e-1  1.223600e-1  4.110000e-2 -8.751400e-3 -7.354300e-4
  4.600000e+6  3.115100e-1  1.774500e-1  1.309900e-1  4.378500e-2 -1.029800e-2 -9.074100e-4
  4.700000e+6  2.899700e-1  1.666200e-1  1.372800e-1  4.575300e-2 -1.187100e-2 -1.099300e-3
  4.800000e+6  2.743300e-1  1.545400e-1  1.412700e-1  4.720000e-2 -1.355100e-2 -1.319900e-3
  4.880000e+6  2.629000e-1  1.410400e-1  1.384500e-1  4.832900e-2 -1.513000e-2 -1.533900e-3
  4.900000e+6  2.590700e-1  1.339700e-1  1.322400e-1  4.885300e-2 -1.567700e-2 -1.605200e-3
  4.920000e+6  2.528200e-1  1.127300e-1  1.027100e-1  5.011300e-2 -1.665100e-2 -1.721900e-3
  4.925000e+6  2.525200e-1  9.546700e-2  7.149400e-2  5.049100e-2 -1.708800e-2 -1.771400e-3
  4.930000e+6  2.851000e-1  6.948500e-2 -1.690100e-2  4.550800e-2 -1.610600e-2 -1.673700e-3
  4.935000e+6  3.629300e-1  2.309100e-1  1.876200e-1  2.851600e-2 -8.949900e-3 -9.323300e-4
  4.940000e+6  2.964600e-1  1.966500e-1  2.070900e-1  4.048200e-2 -1.297700e-2 -1.355100e-3
  4.960000e+6  2.657400e-1  1.564200e-1  1.727000e-1  4.630600e-2 -1.556700e-2 -1.641600e-3
  4.980000e+6  2.601800e-1  1.475300e-1  1.654100e-1  4.713800e-2 -1.627700e-2 -1.733200e-3
  5.000000e+6  2.460000e-1  1.244000e-1  1.080000e-1  4.000000e-2 -3.000000e-3  0.000000e+0
  5.200000e+6  2.350000e-1  1.063000e-1  9.200010e-2  3.716000e-2 -5.670000e-3  0.000000e+0
  5.250000e+6  2.340000e-1  1.029500e-1  7.700010e-2  3.645000e-2 -6.500000e-3  0.000000e+0
  5.285000e+6  2.396000e-1  1.006000e-1  5.000000e-2  3.595000e-2 -7.080000e-3  0.000000e+0
  5.300000e+6  2.420000e-1  1.000000e-1  4.700000e-2  3.574000e-2 -7.330000e-3  0.000000e+0
  5.320000e+6  2.932000e-1  1.040000e-1  4.633000e-2  3.545000e-2 -7.670000e-3  0.000000e+0
  5.325000e+6  3.060000e-1  1.170000e-1  4.700000e-2  3.538000e-2 -7.750000e-3  0.000000e+0
  5.350000e+6  3.700000e-1  1.820000e-1  8.013000e-2  3.472000e-2 -8.170000e-3  0.000000e+0
  5.360000e+6  3.810000e-1  1.846700e-1  9.338000e-2  3.445000e-2 -8.330000e-3  0.000000e+0
  5.365000e+6  3.805000e-1  1.860000e-1  1.000000e-1  3.432000e-2 -8.420000e-3  0.000000e+0
  5.380000e+6  3.790000e-1  1.900000e-1  1.094300e-1  3.392000e-2 -8.670000e-3  0.000000e+0
  5.400000e+6  3.195000e-1  1.883100e-1  1.220000e-1  3.339000e-2 -9.000000e-3  0.000000e+0
  5.420000e+6  2.600000e-1  1.866300e-1  1.268000e-1  3.286000e-2 -9.600000e-3  0.000000e+0
  5.470000e+6  2.250000e-1  1.824100e-1  1.364000e-1  3.153000e-2 -1.110000e-2  0.000000e+0
  5.500000e+6  2.186200e-1  1.798700e-1  1.400000e-1  3.073000e-2 -1.200000e-2  0.000000e+0
  5.550000e+6  2.080000e-1  1.756600e-1  1.402500e-1  2.940000e-2 -1.350000e-2  0.000000e+0
  5.700000e+6  1.943300e-1  1.630000e-1  1.410000e-1  2.460000e-2 -1.800000e-2  0.000000e+0
  5.950000e+6  1.715600e-1  1.615000e-1  1.440000e-1  1.660000e-2 -2.800000e-2  0.000000e+0
  6.050000e+6  1.630000e-1  1.630000e-1  1.600000e-1  1.400000e-2 -3.294000e-2  0.000000e+0
  6.100000e+6  1.550000e-1  1.670000e-1  1.790000e-1  1.300000e-2 -3.588000e-2  2.000000e-3
  6.150000e+6  1.369200e-1  1.710000e-1  1.980000e-1  1.400000e-2 -3.882000e-2  7.000000e-3
  6.185000e+6  1.242700e-1  1.793100e-1  2.164100e-1  1.600000e-2 -4.000000e-2  1.313000e-2
  6.200000e+6  1.188500e-1  1.828700e-1  2.243000e-1  2.080000e-2 -4.000000e-2  1.700000e-2
  6.210000e+6  1.152300e-1  1.852500e-1  2.295600e-1  2.400000e-2 -3.840000e-2  2.000000e-2
  6.225000e+6  1.098100e-1  1.888100e-1  2.374400e-1  4.680000e-2 -3.600000e-2  2.450000e-2
  6.230000e+6  1.080000e-1  1.900000e-1  2.400700e-1  5.440000e-2 -2.970000e-2  2.600000e-2
  6.250000e+6  1.060000e-1  2.050000e-1  2.505900e-1  8.480010e-2 -4.500000e-3  3.200000e-2
  6.260000e+6  1.120000e-1  2.125000e-1  2.558500e-1  1.000000e-1  8.100000e-3  3.280000e-2
  6.275000e+6  1.492000e-1  2.265000e-1  2.637400e-1  1.228000e-1  2.700000e-2  3.400000e-2
  6.285000e+6  1.740000e-1  2.395000e-1  2.690000e-1  1.380000e-1  3.960000e-2  3.320000e-2
  6.300000e+6  2.112000e-1  2.590000e-1  2.680000e-1  1.608000e-1  5.850000e-2  3.200000e-2
  6.310000e+6  2.360000e-1  2.720000e-1  2.673400e-1  1.760000e-1  7.110000e-2  2.980000e-2
  6.320000e+6  2.608000e-1  2.850000e-1  2.666700e-1  1.820000e-1  8.370000e-2  2.760000e-2
  6.325000e+6  2.732000e-1  2.870000e-1  2.650000e-1  1.820000e-1  9.000000e-2  2.650000e-2
  6.340000e+6  3.104000e-1  2.930000e-1  2.350000e-1  1.820000e-1  9.200010e-2  2.320000e-2
  6.350000e+6  3.352000e-1  2.910000e-1  2.150000e-1  1.820000e-1  9.000000e-2  2.100000e-2
  6.360000e+6  3.600000e-1  2.890000e-1  2.072000e-1  1.780000e-1  8.350010e-2  1.880000e-2
  6.390000e+6  3.626100e-1  2.830000e-1  1.838000e-1  1.557100e-1  6.400000e-2  1.220000e-2
  6.400000e+6  3.634800e-1  2.767500e-1  1.760000e-1  1.475900e-1  6.136000e-2  1.000000e-2
  6.430000e+6  3.660900e-1  2.580000e-1  1.710000e-1  1.232400e-1  5.345000e-2  3.400000e-3
  6.450000e+6  3.678300e-1  2.566700e-1  1.715000e-1  1.070000e-1  4.818000e-2 -1.000000e-3
  6.460000e+6  3.680000e-1  2.560000e-1  1.717500e-1  1.065000e-1  4.555000e-2 -2.000000e-3
  6.470000e+6  3.885000e-1  2.685000e-1  1.720000e-1  1.060000e-1  4.291000e-2 -3.000000e-3
  6.480000e+6  4.090000e-1  2.810000e-1  1.780600e-1  1.055000e-1  4.027000e-2 -4.000000e-3
  6.490000e+6  4.295000e-1  2.935000e-1  1.841300e-1  1.060000e-1  3.764000e-2 -4.330000e-3
  6.500000e+6  4.500000e-1  3.060000e-1  1.901900e-1  1.115000e-1  3.500000e-2 -4.670000e-3
  6.530000e+6  4.515000e-1  3.100000e-1  2.107500e-1  1.280000e-1  2.960000e-2 -4.330000e-3
  6.540000e+6  4.520000e-1  3.090000e-1  2.180000e-1  1.290000e-1  2.780000e-2 -4.000000e-3
  6.550000e+6  4.500000e-1  2.858300e-1  2.186700e-1  1.300000e-1  2.600000e-2 -2.500000e-3
  6.570000e+6  3.900000e-1  2.395000e-1  2.200000e-1  1.280000e-1  2.240000e-2  5.000000e-4
  6.600000e+6  3.000000e-1  1.700000e-1  1.950000e-1  1.167500e-1  1.700000e-2  5.000000e-3
  6.610000e+6  2.700000e-1  1.600000e-1  1.898000e-1  1.130000e-1  1.560000e-2  6.000000e-3
  6.620000e+6  2.625700e-1  1.500000e-1  1.846000e-1  1.092500e-1  1.420000e-2  7.000000e-3
  6.650000e+6  2.402900e-1  1.200000e-1  1.690000e-1  9.800000e-2  1.000000e-2  5.000000e-3
  6.680000e+6  2.180000e-1  1.050000e-1  1.534000e-1  8.900000e-2  5.800000e-3  3.200000e-3
  6.700000e+6  2.138000e-1  9.500010e-2  1.430000e-1  8.300000e-2  3.000000e-3  2.000000e-3
  6.730000e+6  2.075100e-1  8.000000e-2  1.358000e-1  7.400000e-2 -3.000000e-4  1.140000e-3
  6.800000e+6  1.998700e-1  6.483000e-2  1.190000e-1  5.700000e-2 -8.000000e-3  0.000000e+0
  6.850000e+6  1.964400e-1  5.400000e-2  1.100000e-1  4.600000e-2 -1.200000e-2  0.000000e+0
  6.950000e+6  1.958600e-1  4.500000e-2  8.700010e-2  3.100000e-2 -1.400000e-2  0.000000e+0
  6.970000e+6  1.970000e-1  4.420000e-2  8.140000e-2  2.860000e-2 -1.420000e-2  0.000000e+0
  7.000000e+6  2.067500e-1  4.300000e-2  7.300000e-2  2.500000e-2 -1.300000e-2  0.000000e+0
  7.050000e+6  2.230000e-1  4.500000e-2  5.750000e-2  2.100000e-2 -1.000000e-2  0.000000e+0
  7.110000e+6  2.640000e-1  5.680000e-2  4.033000e-2  1.900000e-2 -5.200000e-3  0.000000e+0
  7.130000e+6  2.900000e-1  6.440010e-2  3.700000e-2  1.900000e-2 -3.600000e-3  0.000000e+0
  7.150000e+6  3.160000e-1  7.200010e-2  3.700000e-2  1.900000e-2 -2.000000e-3  0.000000e+0
  7.160000e+6  3.290000e-1  8.560010e-2  3.700000e-2  1.940000e-2 -1.050000e-3  0.000000e+0
  7.170000e+6  3.420000e-1  9.920010e-2  3.950000e-2  1.980000e-2 -1.000000e-4  0.000000e+0
  7.200000e+6  4.098500e-1  1.400000e-1  4.700000e-2  2.100000e-2  2.750000e-3  0.000000e+0
  7.250000e+6  5.229200e-1  2.266700e-1  7.000000e-2  2.300000e-2  7.500000e-3  0.000000e+0
  7.300000e+6  6.360000e-1  3.133300e-1  1.015000e-1  2.600000e-2  1.225000e-2  0.000000e+0
  7.325000e+6  6.450000e-1  3.566700e-1  1.172500e-1  2.750000e-2  1.463000e-2  0.000000e+0
  7.350000e+6  6.370000e-1  3.950000e-1  1.330000e-1  2.900000e-2  1.700000e-2  0.000000e+0
  7.390000e+6  5.143300e-1  4.300000e-1  1.538000e-1  3.300000e-2  2.020000e-2  0.000000e+0
  7.400000e+6  4.836700e-1  4.300000e-1  1.590000e-1  3.400000e-2  2.100000e-2  0.000000e+0
  7.440000e+6  3.610000e-1  4.400000e-1  1.742000e-1  3.800000e-2  2.180000e-2  0.000000e+0
  7.450000e+6  3.536700e-1  4.420000e-1  1.780000e-1  3.900000e-2  2.200000e-2  0.000000e+0
  7.500000e+6  3.170000e-1  4.380000e-1  1.915000e-1  4.800000e-2  2.200000e-2  5.700000e-4
  7.550000e+6  2.980000e-1  4.180000e-1  2.050000e-1  6.918000e-2  2.200000e-2  2.000000e-3
  7.580000e+6  2.866000e-1  4.050000e-1  2.101400e-1  8.188000e-2  2.260000e-2  5.300000e-3
  7.600000e+6  2.790000e-1  4.058600e-1  2.135700e-1  9.035000e-2  2.300000e-2  7.500000e-3
  7.635000e+6  2.722000e-1  4.073700e-1  2.195700e-1  1.051800e-1  3.000000e-2  1.135000e-2
  7.670000e+6  2.680000e-1  4.195600e-1  2.255700e-1  1.200000e-1  4.583000e-2  1.367000e-2
  7.700000e+6  2.701000e-1  4.300000e-1  2.307100e-1  1.248000e-1  5.939000e-2  1.350000e-2
  7.740000e+6  2.750000e-1  4.752000e-1  2.375700e-1  1.292500e-1  7.748010e-2  1.069000e-2
  7.750000e+6  2.812500e-1  4.865000e-1  2.392900e-1  1.298800e-1  8.200010e-2  9.540000e-3
  7.770000e+6  2.937500e-1  5.091000e-1  2.427100e-1  1.311200e-1  8.600010e-2  7.230000e-3
  7.780000e+6  3.000000e-1  5.204000e-1  2.444300e-1  1.317500e-1  8.600010e-2  6.080000e-3
  7.790000e+6  3.209100e-1  5.317000e-1  2.461400e-1  1.323800e-1  8.600010e-2  4.920000e-3
  7.800000e+6  3.418200e-1  5.430000e-1  2.478600e-1  1.330000e-1  8.400000e-2  3.770000e-3
  7.810000e+6  3.627300e-1  5.476700e-1  2.495700e-1  1.330700e-1  8.200010e-2  2.620000e-3
  7.830000e+6  4.045500e-1  5.570000e-1  2.530000e-1  1.332000e-1  7.433000e-2  3.100000e-4
  7.850000e+6  4.463600e-1  5.543300e-1  2.564300e-1  1.333300e-1  6.667000e-2 -2.000000e-3
  8.000000e+6  5.000000e-1  5.000000e-1  2.400000e-1  1.000000e-1  2.400000e-2 -1.200000e-2
  8.150000e+6  6.337000e-1  5.299000e-1  3.526000e-1  2.108000e-1  8.000000e-2  8.000000e-3
  8.200000e+6  6.548000e-1  5.360000e-1  3.612000e-1  2.180000e-1  8.000000e-2  8.000000e-3
  8.250000e+6  6.510000e-1  5.000000e-1  3.523000e-1  2.067000e-1  6.625010e-2  7.330000e-3
  8.350000e+6  5.674000e-1  4.400000e-1  3.321000e-1  1.689000e-1  4.000000e-2  5.110000e-3
  8.450000e+6  5.033000e-1  4.070000e-1  3.187000e-1  1.410000e-1  3.000000e-2  4.000000e-3
  8.500000e+6  4.600000e-1  3.600000e-1  3.000000e-1  1.100000e-1  4.000000e-3  1.000000e-3
  8.705000e+6  3.745000e-1  3.338000e-1  3.019000e-1  1.015000e-1  1.371000e-2  1.648000e-2
  9.000000e+6  2.800000e-1  2.300000e-1  2.900000e-1  9.000000e-2  1.000000e-3  5.000000e-3
  9.500000e+6  4.600000e-1  3.800000e-1  3.100000e-1  1.400000e-1  4.000000e-2  5.000000e-3
  1.000000e+7  5.500000e-1  4.200000e-1  3.300000e-1  1.500000e-1  3.000000e-2  6.000000e-3
  1.050000e+7  5.300000e-1  4.300000e-1  3.300000e-1  1.300000e-1  4.000000e-2  3.500000e-2
  1.100000e+7  6.000000e-1  4.600000e-1  3.200000e-1  1.300000e-1  4.000000e-2  1.000000e-2
  1.150000e+7  5.600000e-1  4.400000e-1  3.100000e-1  1.400000e-1  3.000000e-2  2.000000e-2
  1.200000e+7  5.400000e-1  4.100000e-1  3.200000e-1  1.400000e-1  5.000000e-2  3.000000e-2
  1.250000e+7  5.100000e-1  4.000000e-1  3.200000e-1  1.600000e-1  5.000000e-2  2.000000e-2
  1.300000e+7  5.800000e-1  4.600000e-1  3.500000e-1  1.800000e-1  7.000000e-2  3.000000e-2
  1.350000e+7  5.700000e-1  4.400000e-1  3.400000e-1  1.800000e-1  6.000000e-2  2.000000e-2
  1.400000e+7  6.000000e-1  4.500000e-1  3.200000e-1  2.000000e-1  7.000000e-2  4.000000e-2
  1.450000e+7  5.900000e-1  4.700000e-1  3.200000e-1  2.000000e-1  8.000000e-2  4.000000e-2
  1.500000e+7  6.300000e-1  4.600000e-1  3.100000e-1  2.000000e-1  9.000000e-2  4.700000e-2
  1.600000e+7  6.600000e-1  4.800000e-1  3.200000e-1  2.100000e-1  1.000000e-1  2.000000e-2
  1.700000e+7  6.800000e-1  4.900000e-1  3.300000e-1  2.000000e-1  1.070000e-1  5.000000e-2
  1.800000e+7  7.000000e-1  4.900000e-1  3.300000e-1  2.000000e-1  1.110000e-1  5.000000e-2
  1.900000e+7  7.200000e-1  5.100000e-1  3.500000e-1  2.000000e-1  1.120000e-1  4.300000e-2
  2.000000e+7  7.300000e-1  5.200000e-1  3.500000e-1  2.000000e-1  1.130000e-1  4.000000e-2