          67          6          2                                            
 
Angular distribution:

          eV  Coefficients
  ----------  --------------------------------------------------
  1.000000e+4 -1.572988e-5 -2.53125e-10 -2.01665e-13 -1.10247e-15  9.10701e-16 -6.37732e-16
  1.500000e+4 -2.341705e-5 -6.23577e-10 -6.85172e-13 -1.64983e-15  1.36901e-15 -9.20665e-16
  2.000000e+4 -3.098916e-5 -1.203382e-9 -1.62729e-12 -2.16036e-15  1.78553e-15 -1.20837e-15
  4.000000e+4 -6.017609e-5 -6.280662e-9 -1.30259e-11 -2.50603e-15  3.49466e-15 -2.30173e-15
  6.000000e+4 -8.771150e-5 -1.726270e-8 -4.39109e-11  4.09117e-15  5.10895e-15 -3.34847e-15
  8.000000e+4 -1.137323e-4 -3.597396e-8 -1.03952e-10  2.76769e-14  6.60030e-15 -4.32911e-15
  1.000000e+5 -1.383631e-4 -6.405486e-8 -2.02786e-10  8.43427e-14  8.04499e-15 -5.25339e-15
  1.500000e+5 -1.945814e-4 -1.845765e-7 -6.82708e-10  5.41898e-13  1.11364e-14 -7.36238e-15
  2.000000e+5 -2.443254e-4 -3.918098e-7 -1.615474e-9  1.96671e-12  1.33284e-14 -9.20369e-15
  3.000000e+5 -3.290903e-4 -1.122410e-6 -5.443810e-9  1.20809e-11  1.11648e-14 -1.22425e-14
  4.000000e+5 -4.000400e-4 -2.337498e-6 -1.290992e-8  4.39253e-11 -1.48697e-14 -1.45192e-14
  5.000000e+5 -4.621893e-4 -4.083129e-6 -2.526481e-8  1.19650e-10 -1.02242e-13 -1.58821e-14
  6.000000e+5 -5.190260e-4 -6.382473e-6 -4.379453e-8  2.71261e-10 -3.20661e-13 -1.56563e-14
  7.000000e+5 -5.730205e-4 -9.243512e-6 -6.982300e-8  5.41601e-10 -7.84302e-13 -1.23928e-14
  8.000000e+5 -6.259455e-4 -1.266390e-5 -1.047129e-7  9.85200e-10 -1.66563e-12 -3.39470e-15
  9.000000e+5 -6.790848e-4 -1.663412e-5 -1.498655e-7  1.669031e-9 -3.21013e-12  1.58103e-14
  1.000000e+6 -7.333721e-4 -2.113963e-5 -2.067197e-7  2.673195e-9 -5.75214e-12  5.20928e-14
  1.200000e+6 -8.479191e-4 -3.168140e-5 -3.614689e-7  6.032387e-9 -1.57123e-11  2.20426e-13
  1.400000e+6 -9.730350e-4 -4.411759e-5 -5.811710e-7  1.198952e-8 -3.66616e-11  6.38976e-13
  1.600000e+6 -1.110396e-3 -5.825473e-5 -8.785385e-7  2.171843e-8 -7.63112e-11  1.54982e-12
  1.800000e+6 -1.260650e-3 -7.388900e-5 -1.266728e-6  3.665566e-8 -1.45635e-10  3.34681e-12
  2.000000e+6 -1.423828e-3 -9.081271e-5 -1.759280e-6  5.851432e-8 -2.59591e-10  6.63326e-12
  2.200000e+6 -1.599596e-3 -1.088182e-4 -2.370063e-6  8.929648e-8 -4.37881e-10  1.22906e-11
  2.400000e+6 -1.787397e-3 -1.277000e-4 -3.113217e-6  1.313040e-7 -7.05771e-10  2.15587e-11
  2.600000e+6 -1.986543e-3 -1.472563e-4 -4.003097e-6  1.871481e-7 -1.094933e-9  3.61281e-11
  2.800000e+6 -2.196275e-3 -1.672898e-4 -5.054225e-6  2.597574e-7 -1.644338e-9  5.82445e-11
  3.000000e+6 -2.415802e-3 -1.876084e-4 -6.281234e-6  3.523845e-7 -2.401177e-9  9.08251e-11
  3.200000e+6 -2.644320e-3 -2.080251e-4 -7.698829e-6  4.686119e-7 -3.421810e-9  1.37588e-10
  3.400000e+6 -2.881032e-3 -2.283584e-4 -9.321732e-6  6.123562e-7 -4.772750e-9  2.03193e-10
  3.600000e+6 -3.125155e-3 -2.484323e-4 -1.116465e-5  7.878708e-7 -6.531656e-9  2.93396e-10
  3.800000e+6 -3.375929e-3 -2.680766e-4 -1.324221e-5  9.997483e-7 -8.788361e-9  4.15213e-10
  4.000000e+6 -3.632621e-3 -2.871260e-4 -1.556896e-5  1.252921e-6 -1.164590e-8  5.77100e-10
  4.200000e+6 -3.894523e-3 -3.054212e-4 -1.815928e-5  1.552661e-6 -1.522158e-8  7.89138e-10
  4.400000e+6 -4.160959e-3 -3.228077e-4 -2.102741e-5  1.904579e-6 -1.964800e-8  1.063237e-9
  4.600000e+6 -4.431281e-3 -3.391364e-4 -2.418734e-5  2.314620e-6 -2.507414e-8  1.413340e-9
  4.800000e+6 -4.704871e-3 -3.542632e-4 -2.765286e-5  2.789062e-6 -3.166644e-8  1.855647e-9
  5.000000e+6 -4.981141e-3 -3.680489e-4 -3.143745e-5  3.334512e-6 -3.960982e-8  2.408842e-9
  5.500000e+6 -5.679924e-3 -3.957751e-4 -4.238065e-5  5.055049e-6 -6.677225e-8  4.424783e-9
  6.000000e+6 -6.383999e-3 -4.123175e-4 -5.559640e-5  7.380340e-6 -1.074935e-7  7.696311e-9
  6.500000e+6 -7.086327e-3 -4.158725e-4 -7.126630e-5  1.043877e-5 -1.664583e-7  1.278482e-8
  7.000000e+6 -7.780770e-3 -4.047965e-4 -8.955485e-5  1.436937e-5 -2.493515e-7  2.041808e-8
  7.500000e+6 -8.462005e-3 -3.775963e-4 -1.106077e-4  1.932077e-5 -3.629462e-7  3.151607e-8
  8.000000e+6 -9.125450e-3 -3.329198e-4 -1.345500e-4  2.544987e-5 -5.151836e-7  4.721614e-8
  8.500000e+6 -9.767198e-3 -2.695484e-4 -1.614856e-4  3.292049e-5 -7.152422e-7  6.889670e-8
  9.000000e+6 -1.038396e-2 -1.863900e-4 -1.914957e-4  4.190187e-5 -9.735958e-7  9.819844e-8
  9.500000e+6 -1.097299e-2 -8.247284e-5 -2.246381e-4  5.256701e-5 -1.302056e-6  1.370421e-7
  1.000000e+7 -1.153207e-2  4.305945e-5 -2.609465e-4  6.509103e-5 -1.713804e-6  1.876417e-7
  1.050000e+7 -1.205946e-2  1.909526e-4 -3.004302e-4  7.964939e-5 -2.223397e-6  2.525125e-7
  1.100000e+7 -1.255384e-2  3.618455e-4 -3.430731e-4  9.641609e-5 -2.846771e-6  3.344716e-7
  1.150000e+7 -1.301426e-2  5.562731e-4 -3.888338e-4  1.155618e-4 -3.601209e-6  4.366320e-7
  1.200000e+7 -1.344017e-2  7.746695e-4 -4.376448e-4  1.372520e-4 -4.505303e-6  5.623869e-7
  1.250000e+7 -1.383132e-2  1.017370e-3 -4.894123e-4  1.616451e-4 -5.578885e-6  7.153846e-7
  1.300000e+7 -1.418778e-2  1.284611e-3 -5.440158e-4  1.888906e-4 -6.842942e-6  8.994924e-7
  1.350000e+7 -1.450988e-2  1.576537e-3 -6.013074e-4  2.191273e-4 -8.319509e-6  1.118749e-6
  1.400000e+7 -1.479820e-2  1.893193e-3 -6.611113e-4  2.524811e-4 -1.003153e-5  1.377304e-6
  1.450000e+7 -1.505356e-2  2.234535e-3 -7.232233e-4  2.890636e-4 -1.200272e-5  1.679343e-6
  1.500000e+7 -1.527697e-2  2.600421e-3 -7.874096e-4  3.289702e-4 -1.425734e-5  2.029000e-6
  1.550000e+7 -1.546963e-2  2.990619e-3 -8.534061e-4  3.722784e-4 -1.682004e-5  2.430256e-6
  1.600000e+7 -1.563290e-2  3.404804e-3 -9.209171e-4  4.190458e-4 -1.971561e-5  2.886815e-6
  1.650000e+7 -1.576829e-2  3.842559e-3 -9.896138e-4  4.693090e-4 -2.296868e-5  3.401977e-6
  1.700000e+7 -1.587744e-2  4.303372e-3 -1.059133e-3  5.230817e-4 -2.660348e-5  3.978483e-6
  1.750000e+7 -1.596210e-2  4.786642e-3 -1.129073e-3  5.803532e-4 -3.064351e-5  4.618354e-6
  1.800000e+7 -1.602412e-2  5.291673e-3 -1.198996e-3  6.410869e-4 -3.511115e-5  5.322711e-6
  1.850000e+7 -1.606544e-2  5.817678e-3 -1.268420e-3  7.052190e-4 -4.002730e-5  6.091582e-6
  1.900000e+7 -1.608806e-2  6.363777e-3 -1.336819e-3  7.726571e-4 -4.541097e-5  6.923702e-6
  1.950000e+7 -1.609407e-2  6.928997e-3 -1.403618e-3  8.432785e-4 -5.127882e-5  7.816300e-6
  2.000000e+7 -1.608557e-2  7.512273e-3 -1.468189e-3  9.169295e-4 -5.764461e-5  8.764883e-6