         130          8          2 
 
Angular distribution:

          eV  Coefficients
  ----------  --------------------------------------------------
  1.000000e-5  0.000000e+0  0.000000e+0  0.000000e+0  0.000000e+0  0.000000e+0  0.000000e+0  0.000000e+0  0.000000e+0
  1.000000e+0 -3.954500e-7  5.43040e-14  0.000000e+0  0.000000e+0  0.000000e+0  0.000000e+0  0.000000e+0  0.000000e+0  
  1.000000e+3 -3.954500e-4  5.446900e-8 -9.87890e-13 -2.74230e-14  1.60430e-14 -9.94910e-15  1.04720e-14 -7.67560e-15  
  5.000000e+3 -1.977200e-3  1.363300e-6 -1.30950e-10 -1.27700e-13  8.04300e-14 -4.98560e-14  5.24260e-14 -3.84480e-14  
  1.000000e+4 -3.954000e-3  5.461300e-6 -1.049800e-9 -1.15770e-13  1.61480e-13 -1.00140e-13  1.05190e-13 -7.71500e-14  
  2.000000e+4 -7.906800e-3  2.190900e-5 -8.406500e-9  2.01850e-12  3.24640e-13 -2.01710e-13  2.11890e-13 -1.55410e-13  
  3.000000e+4 -1.185800e-2  4.943600e-5 -2.838900e-8  1.22090e-11  4.85210e-13 -3.04820e-13  3.20070e-13 -2.34700e-13  
  4.000000e+4 -1.580600e-2  8.813500e-5 -6.732600e-8  4.01470e-11  6.31920e-13 -4.09410e-13  4.29770e-13 -3.15110e-13  
  5.000000e+4 -1.975200e-2  1.381000e-4 -1.315500e-7  9.94190e-11  7.43280e-13 -5.15470e-13  5.40970e-13 -3.96610e-13  
  6.000000e+4 -2.369400e-2  1.994100e-4 -2.274200e-7  2.07510e-10  7.83710e-13 -6.23010e-13  6.53700e-13 -4.79210e-13  
  7.000000e+4 -2.763200e-2  2.721600e-4 -3.612700e-7  3.85830e-10  7.00280e-13 -7.31900e-13  7.67920e-13 -5.62870e-13  
  8.000000e+4 -3.156600e-2  3.564400e-4 -5.394500e-7  6.59690e-10  4.19180e-13 -8.42090e-13  8.83670e-13 -6.47640e-13  
  9.000000e+4 -3.549400e-2  4.523200e-4 -7.683100e-7  1.058300e-9 -1.58080e-13 -9.53320e-13  1.00090e-12 -7.33510e-13  
  1.000000e+5 -3.941700e-2  5.598800e-4 -1.054200e-6  1.614900e-9 -1.15790e-12 -1.06550e-12  1.11970e-12 -8.20450e-13  
  1.200000e+5 -4.724300e-2  8.103900e-4 -1.822400e-6  3.354000e-9 -5.09320e-12 -1.29090e-12  1.36170e-12 -9.97600e-13  
  1.400000e+5 -5.503800e-2  1.108600e-3 -2.894700e-6  6.220600e-9 -1.30960e-11 -1.51430e-12  1.60970e-12 -1.17910e-12  
  1.600000e+5 -6.279900e-2  1.455000e-3 -4.321400e-6  1.062100e-8 -2.75530e-11 -1.72890e-12  1.86370e-12 -1.36480e-12  
  1.800000e+5 -7.052000e-2  1.850100e-3 -6.152600e-6  1.702300e-8 -5.16440e-11 -1.92440e-12  2.12360e-12 -1.55490e-12  
  2.000000e+5 -7.819500e-2  2.294500e-3 -8.438000e-6  2.595600e-8 -8.94540e-11 -2.08590e-12  2.38940e-12 -1.74920e-12  
  2.200000e+5 -8.582100e-2  2.788500e-3 -1.122700e-5  3.801200e-8 -1.46080e-10 -2.19300e-12  2.66090e-12 -1.94770e-12  
  2.400000e+5 -9.339200e-2  3.332600e-3 -1.456800e-5  5.384200e-8 -2.27760e-10 -2.21820e-12  2.93820e-12 -2.15040e-12  
  2.600000e+5 -1.009000e-1  3.927000e-3 -1.850900e-5  7.415600e-8 -3.41960e-10 -2.12560e-12  3.22110e-12 -2.35710e-12  
  2.800000e+5 -1.083500e-1  4.572200e-3 -2.309700e-5  9.972300e-8 -4.97480e-10 -1.86960e-12  3.50940e-12 -2.56800e-12  
  3.000000e+5 -1.157200e-1  5.268200e-3 -2.837900e-5  1.313700e-7 -7.04570e-10 -1.39310e-12  3.80300e-12 -2.78280e-12  
  3.200000e+5 -1.230200e-1  6.015300e-3 -3.440000e-5  1.699800e-7 -9.75040e-10 -6.26260e-13  4.10160e-12 -3.00150e-12  
  3.400000e+5 -1.302400e-1  6.813600e-3 -4.120400e-5  2.164800e-7 -1.322300e-9  5.15850e-13  4.40510e-12 -3.22410e-12  
  3.600000e+5 -1.373700e-1  7.663100e-3 -4.883500e-5  2.718700e-7 -1.761600e-9  2.13460e-12  4.71300e-12 -3.45040e-12  
  3.800000e+5 -1.444100e-1  8.563900e-3 -5.733500e-5  3.371800e-7 -2.309800e-9  4.34960e-12  5.02520e-12 -3.68030e-12  
  4.000000e+5 -1.513500e-1  9.515900e-3 -6.674400e-5  4.135100e-7 -2.985800e-9  7.30090e-12  5.34110e-12 -3.91380e-12  
  4.200000e+5 -1.581900e-1  1.051900e-2 -7.710100e-5  5.019700e-7 -3.810600e-9  1.11510e-11  5.66010e-12 -4.15080e-12  
  4.400000e+5 -1.649200e-1  1.157300e-2 -8.844500e-5  6.037600e-7 -4.806900e-9  1.60860e-11  5.98180e-12 -4.39100e-12  
  4.600000e+5 -1.715400e-1  1.267700e-2 -1.008100e-4  7.200900e-7 -5.999800e-9  2.23190e-11  6.30550e-12 -4.63450e-12  
  4.800000e+5 -1.780400e-1  1.383200e-2 -1.142300e-4  8.522100e-7 -7.416500e-9  3.00900e-11  6.63020e-12 -4.88100e-12  
  5.000000e+5 -1.844200e-1  1.503700e-2 -1.287500e-4  1.001400e-6 -9.086200e-9  3.96720e-11  6.95520e-12 -5.13040e-12  
  5.200000e+5 -1.906800e-1  1.629100e-2 -1.443800e-4  1.169000e-6 -1.104100e-8  5.13660e-11  7.27930e-12 -5.38260e-12  
  5.400000e+5 -1.968000e-1  1.759400e-2 -1.611600e-4  1.356400e-6 -1.331400e-8  6.55120e-11  7.60130e-12 -5.63730e-12  
  5.600000e+5 -2.027900e-1  1.894500e-2 -1.791200e-4  1.565000e-6 -1.594100e-8  8.24820e-11  7.91980e-12 -5.89440e-12  
  5.800000e+5 -2.086300e-1  2.034500e-2 -1.982900e-4  1.796100e-6 -1.896200e-8  1.02690e-10  8.23320e-12 -6.15370e-12  
  6.000000e+5 -2.143400e-1  2.179100e-2 -2.186700e-4  2.051100e-6 -2.241700e-8  1.26580e-10  8.53970e-12 -6.41500e-12  
  6.200000e+5 -2.198900e-1  2.328300e-2 -2.403000e-4  2.331600e-6 -2.634900e-8  1.54660e-10  8.83730e-12 -6.67800e-12  
  6.400000e+5 -2.252900e-1  2.482000e-2 -2.632000e-4  2.639000e-6 -3.080400e-8  1.87460e-10  9.12380e-12 -6.94250e-12  
  6.600000e+5 -2.305300e-1  2.640200e-2 -2.873700e-4  2.974800e-6 -3.582900e-8  2.25550e-10  9.39650e-12 -7.20820e-12  
  6.800000e+5 -2.356100e-1  2.802800e-2 -3.128500e-4  3.340300e-6 -4.147500e-8  2.69580e-10  9.65280e-12 -7.47490e-12  
  7.000000e+5 -2.405300e-1  2.969600e-2 -3.396200e-4  3.737100e-6 -4.779300e-8  3.20220e-10  9.88940e-12 -7.74220e-12  
  7.500000e+5 -2.520900e-1  3.404300e-2 -4.123400e-4  4.875800e-6 -6.689300e-8  4.80620e-10  1.03720e-11 -8.41100e-12  
  8.000000e+5 -2.625600e-1  3.863100e-2 -4.933700e-4  6.242100e-6 -9.145000e-8  6.99800e-10  1.06450e-11 -9.07580e-12  
  8.500000e+5 -2.719000e-1  4.343900e-2 -5.827000e-4  7.858400e-6 -1.224500e-7  9.92680e-10  1.06300e-11 -9.72960e-12  
  9.000000e+5 -2.801000e-1  4.844400e-2 -6.802600e-4  9.746200e-6 -1.609400e-7  1.376400e-9  1.02290e-11 -1.03640e-11  
  9.500000e+5 -2.871300e-1  5.362300e-2 -7.858700e-4  1.192600e-5 -2.080400e-7  1.870300e-9  9.32440e-12 -1.09680e-11  
  1.000000e+6 -2.929800e-1  5.895400e-2 -8.992900e-4  1.441700e-5 -2.649100e-7  2.496100e-9  7.77540e-12 -1.15310e-11  
  1.100000e+6 -3.011700e-1  6.996500e-2 -1.148200e-3  2.040000e-5 -4.127800e-7  4.242400e-9  2.06050e-12 -1.24720e-11  
  1.200000e+6 -3.048000e-1  8.128000e-2 -1.423900e-3  2.781300e-5 -6.144100e-7  6.836500e-9 -8.55780e-12 -1.30370e-11  
  1.300000e+6 -3.041200e-1  9.270300e-2 -1.722300e-3  3.674500e-5 -8.797300e-7  1.053800e-8 -2.61950e-11 -1.30190e-11  
  1.400000e+6 -2.994800e-1  1.040600e-1 -2.039300e-3  4.725000e-5 -1.218500e-6  1.564500e-8 -5.34840e-11 -1.21410e-11  
  1.500000e+6 -2.913000e-1  1.151800e-1 -2.370300e-3  5.935400e-5 -1.639900e-6  2.249300e-8 -9.36060e-11 -1.00300e-11  
  1.600000e+6 -2.800600e-1  1.259500e-1 -2.711200e-3  7.306100e-5 -2.152600e-6  3.145900e-8 -1.50330e-10 -6.20190e-12  
  1.700000e+6 -2.662400e-1  1.362500e-1 -3.058000e-3  8.834900e-5 -2.764500e-6  4.296400e-8 -2.28020e-10 -2.88910e-14  
  1.800000e+6 -2.503300e-1  1.460200e-1 -3.407300e-3  1.051900e-4 -3.483100e-6  5.747500e-8 -3.31700e-10  9.28870e-12  
  1.900000e+6 -2.327800e-1  1.551900e-1 -3.756200e-3  1.235300e-4 -4.315100e-6  7.551100e-8 -4.67070e-10  2.27600e-11  
  2.000000e+6 -2.140200e-1  1.637500e-1 -4.102400e-3  1.433300e-4 -5.266600e-6  9.765300e-8 -6.40590e-10  4.16450e-11  
  2.100000e+6 -1.944200e-1  1.716800e-1 -4.444000e-3  1.645400e-4 -6.343800e-6  1.245500e-7 -8.59520e-10  6.75090e-11  
  2.200000e+6 -1.743000e-1  1.789900e-1 -4.779800e-3  1.871300e-4 -7.552400e-6  1.569100e-7 -1.132100e-9  1.02270e-10  
  2.300000e+6 -1.539400e-1  1.857000e-1 -5.108900e-3  2.110300e-4 -8.898100e-6  1.955500e-7 -1.467400e-9  1.48290e-10  
  2.400000e+6 -1.335700e-1  1.918300e-1 -5.430700e-3  2.362400e-4 -1.038700e-5  2.413600e-7 -1.876000e-9  2.08410e-10  
  2.500000e+6 -1.133700e-1  1.974100e-1 -5.745200e-3  2.627100e-4 -1.202400e-5  2.953300e-7 -2.369500e-9  2.86080e-10  
  2.600000e+6 -9.349300e-2  2.024900e-1 -6.052200e-3  2.904300e-4 -1.381700e-5  3.585700e-7 -2.961100e-9  3.85420e-10  
  2.700000e+6 -7.405100e-2  2.070900e-1 -6.352000e-3  3.194000e-4 -1.577100e-5  4.322800e-7 -3.665700e-9  5.11340e-10  
  2.800000e+6 -5.512800e-2  2.112600e-1 -6.644900e-3  3.495900e-4 -1.789400e-5  5.178000e-7 -4.500000e-9  6.69670e-10  
  2.900000e+6 -3.678500e-2  2.150300e-1 -6.931200e-3  3.810200e-4 -2.019200e-5  6.165900e-7 -5.482900e-9  8.67290e-10  
  3.000000e+6 -1.906200e-2  2.184400e-1 -7.211500e-3  4.136900e-4 -2.267400e-5  7.302500e-7 -6.635600e-9  1.112200e-9  
  3.100000e+6 -1.983900e-3  2.215200e-1 -7.486000e-3  4.476100e-4 -2.534700e-5  8.605200e-7 -7.982000e-9  1.413900e-9  
  3.200000e+6  1.443800e-2  2.243000e-1 -7.755200e-3  4.827900e-4 -2.822000e-5  1.009300e-6 -9.548400e-9  1.783100e-9  
  3.300000e+6  3.020200e-2  2.268100e-1 -8.019700e-3  5.192500e-4 -3.130100e-5  1.178500e-6 -1.136500e-8  2.232600e-9  
  3.400000e+6  4.531400e-2  2.290800e-1 -8.279600e-3  5.570100e-4 -3.459900e-5  1.370500e-6 -1.346400e-8  2.776700e-9  
  3.500000e+6  5.978800e-2  2.311300e-1 -8.535500e-3  5.960900e-4 -3.812400e-5  1.587500e-6 -1.588200e-8  3.432000e-9  
  3.600000e+6  7.363900e-2  2.329900e-1 -8.787600e-3  6.365100e-4 -4.188500e-5  1.832100e-6 -1.866000e-8  4.217300e-9  
  3.700000e+6  8.688800e-2  2.346600e-1 -9.036200e-3  6.782800e-4 -4.589100e-5  2.106800e-6 -2.184200e-8  5.154100e-9  
  3.800000e+6  9.955700e-2  2.361800e-1 -9.281500e-3  7.214400e-4 -5.015200e-5  2.414600e-6 -2.547600e-8  6.266400e-9  
  3.900000e+6  1.116700e-1  2.375500e-1 -9.523800e-3  7.660000e-4 -5.467800e-5  2.758500e-6 -2.961600e-8  7.581600e-9  
  4.000000e+6  1.232500e-1  2.388000e-1 -9.763200e-3  8.119800e-4 -5.947900e-5  3.141600e-6 -3.432000e-8  9.130100e-9  
  4.100000e+6  1.343100e-1  2.399200e-1 -9.999800e-3  8.594000e-4 -6.456400e-5  3.567300e-6 -3.964800e-8  1.094600e-8  
  4.200000e+6  1.449000e-1  2.409400e-1 -1.023400e-2  9.082800e-4 -6.994400e-5  4.039000e-6 -4.567000e-8  1.306700e-8  
  4.300000e+6  1.550200e-1  2.418700e-1 -1.046500e-2  9.586300e-4 -7.562700e-5  4.560600e-6 -5.245600e-8  1.553700e-8  
  4.400000e+6  1.647100e-1  2.427100e-1 -1.069400e-2  1.010500e-3 -8.162400e-5  5.135800e-6 -6.008500e-8  1.840000e-8  
  4.500000e+6  1.739700e-1  2.434700e-1 -1.092000e-2  1.063800e-3 -8.794200e-5  5.768700e-6 -6.863800e-8  2.170900e-8  
  4.600000e+6  1.828500e-1  2.441600e-1 -1.114400e-2  1.118700e-3 -9.459300e-5  6.463500e-6 -7.820300e-8  2.552100e-8  
  4.700000e+6  1.913500e-1  2.447800e-1 -1.136500e-2  1.175100e-3 -1.015800e-4  7.224700e-6 -8.887100e-8  2.989700e-8  
  4.800000e+6  1.994900e-1  2.453500e-1 -1.158300e-2  1.233100e-3 -1.089200e-4  8.056800e-6 -1.007400e-7  3.490700e-8  
  4.900000e+6  2.073000e-1  2.458600e-1 -1.179900e-2  1.292600e-3 -1.166200e-4  8.964500e-6 -1.139100e-7  4.062200e-8  
  5.000000e+6  2.147900e-1  2.463300e-1 -1.201200e-2  1.353600e-3 -1.246700e-4  9.952700e-6 -1.284800e-7  4.712600e-8  
  5.200000e+6  2.288900e-1  2.471300e-1 -1.242900e-2  1.480400e-3 -1.419000e-4  1.219100e-5 -1.622800e-7  6.285400e-8  
  5.400000e+6  2.419000e-1  2.477800e-1 -1.283400e-2  1.613500e-3 -1.606600e-4  1.481500e-5 -2.030300e-7  8.288100e-8  
  5.600000e+6  2.539400e-1  2.483100e-1 -1.322600e-2  1.753000e-3 -1.809800e-4  1.786900e-5 -2.516500e-7  1.081200e-7  
  5.800000e+6  2.651100e-1  2.487300e-1 -1.360300e-2  1.898700e-3 -2.028700e-4  2.140200e-5 -3.090400e-7  1.396400e-7  
  6.000000e+6  2.755000e-1  2.490600e-1 -1.396400e-2  2.050700e-3 -2.263600e-4  2.546200e-5 -3.760800e-7  1.786500e-7  
  6.200000e+6  2.851800e-1  2.493100e-1 -1.430800e-2  2.209000e-3 -2.514400e-4  3.010200e-5 -4.535100e-7  2.265000e-7  
  6.400000e+6  2.942200e-1  2.494900e-1 -1.463400e-2  2.373500e-3 -2.780700e-4  3.537600e-5 -5.419300e-7  2.847500e-7  
  6.600000e+6  3.026900e-1  2.496200e-1 -1.494000e-2  2.544300e-3 -3.062100e-4  4.134000e-5 -6.417200e-7  3.551200e-7  
  6.800000e+6  3.106300e-1  2.497000e-1 -1.522400e-2  2.721200e-3 -3.358000e-4  4.805100e-5 -7.529100e-7  4.395200e-7  
  7.000000e+6  3.181200e-1  2.497400e-1 -1.548600e-2  2.904200e-3 -3.667600e-4  5.556800e-5 -8.751300e-7  5.400700e-7  
  7.200000e+6  3.251700e-1  2.497400e-1 -1.572200e-2  3.093400e-3 -3.989600e-4  6.394900e-5 -1.007500e-6  6.590700e-7  
  7.400000e+6  3.318500e-1  2.497200e-1 -1.593200e-2  3.288600e-3 -4.322600e-4  7.325300e-5 -1.148300e-6  7.990400e-7  
  7.600000e+6  3.381800e-1  2.496600e-1 -1.611300e-2  3.489700e-3 -4.665200e-4  8.353600e-5 -1.295400e-6  9.627300e-7  
  7.800000e+6  3.442100e-1  2.495900e-1 -1.626300e-2  3.696700e-3 -5.015000e-4  9.484800e-5 -1.445200e-6  1.153100e-6  
  8.000000e+6  3.499700e-1  2.494900e-1 -1.637600e-2  3.909300e-3 -5.369500e-4  1.072300e-4 -1.593300e-6  1.373300e-6  
  8.200000e+6  3.555000e-1  2.493800e-1 -1.644200e-2  4.126600e-3 -5.724600e-4  1.206500e-4 -1.733900e-6  1.626700e-6  
  8.400000e+6  3.611200e-1  2.493800e-1 -1.622800e-2  4.343400e-3 -6.067100e-4  1.346700e-4 -1.859500e-6  1.917000e-6  
  8.600000e+6  3.663300e-1  2.495400e-1 -1.601200e-2  4.579700e-3 -6.430700e-4  1.510700e-4 -1.960700e-6  2.247800e-6  
  8.800000e+6  3.712500e-1  2.496300e-1 -1.585500e-2  4.823400e-3 -6.791800e-4  1.689700e-4 -2.026600e-6  2.623100e-6  
  9.000000e+6  3.759600e-1  2.496900e-1 -1.568900e-2  5.074600e-3 -7.147100e-4  1.884400e-4 -2.043400e-6  3.047300e-6  
  9.200000e+6  3.804900e-1  2.497500e-1 -1.549900e-2  5.333500e-3 -7.493400e-4  2.095800e-4 -1.995300e-6  3.524600e-6  
  9.400000e+6  3.848700e-1  2.498100e-1 -1.528000e-2  5.600400e-3 -7.827300e-4  2.324600e-4 -1.863200e-6  4.059700e-6  
  9.600000e+6  3.891000e-1  2.498900e-1 -1.502700e-2  5.875500e-3 -8.145200e-4  2.572000e-4 -1.625100e-6  4.657200e-6  
  9.800000e+6  3.932000e-1  2.499800e-1 -1.473700e-2  6.159100e-3 -8.443400e-4  2.838800e-4 -1.255600e-6  5.322100e-6  
  1.000000e+7  3.971800e-1  2.500900e-1 -1.440800e-2  6.451700e-3 -8.718100e-4  3.126000e-4 -7.254900e-7  6.059500e-6  
  1.050000e+7  4.066900e-1  2.504500e-1 -1.340700e-2  7.224700e-3 -9.275400e-4  3.940700e-4  1.531400e-6  8.254600e-6  
  1.100000e+7  4.156300e-1  2.510000e-1 -1.213200e-2  8.062200e-3 -9.595000e-4  4.907100e-4  5.656700e-6  1.102100e-5  
  1.150000e+7  4.241000e-1  2.519500e-1 -1.057000e-2  8.977700e-3 -9.614500e-4  6.047200e-4  1.250300e-5  1.445700e-5  
  1.200000e+7  4.325700e-1  2.530900e-1 -8.712000e-3  9.973600e-3 -9.260500e-4  7.379600e-4  2.315100e-5  1.865900e-5  
  1.250000e+7  4.407400e-1  2.544600e-1 -6.543200e-3  1.105700e-2 -8.462000e-4  8.923700e-4  3.892900e-5  2.372900e-5  
  1.300000e+7  4.486900e-1  2.561200e-1 -4.061500e-3  1.223800e-2 -7.154900e-4  1.070200e-3  6.144600e-5  2.978800e-5  
  1.350000e+7  4.564600e-1  2.581200e-1 -1.269300e-3  1.352600e-2 -5.278200e-4  1.273900e-3  9.259500e-5  3.697600e-5  
  1.400000e+7  4.640400e-1  2.604700e-1  1.825600e-3  1.492800e-2 -2.774900e-4  1.505700e-3  1.345600e-4  4.546200e-5  
  1.450000e+7  4.714500e-1  2.631800e-1  5.209700e-3  1.645200e-2  4.078000e-5  1.768100e-3  1.897900e-4  5.546100e-5  
  1.500000e+7  4.786700e-1  2.662500e-1  8.863600e-3  1.810300e-2  4.319400e-4  2.063200e-3  2.610300e-4  6.725200e-5  
  1.600000e+7  4.924000e-1  2.733900e-1  1.687600e-2  2.180200e-2  1.452400e-3  2.760100e-3  4.634800e-4  9.782100e-5  
  1.700000e+7  5.049200e-1  2.816100e-1  2.560700e-2  2.603600e-2  2.826100e-3  3.610700e-3  7.673900e-4  1.419100e-4  
  1.800000e+7  5.157800e-1  2.904800e-1  3.475700e-2  3.079100e-2  4.610100e-3  4.623700e-3  1.199200e-3  2.079500e-4  
  1.900000e+7  5.244900e-1  2.994100e-1  4.401800e-2  3.603400e-2  6.889900e-3  5.800300e-3  1.783600e-3  3.104200e-4  
  2.000000e+7  5.305900e-1  3.077100e-1  5.312900e-2  4.172700e-2  9.793200e-3  7.132000e-3  2.540000e-3  4.734500e-4